        11.5      9.73938
 6.28319e-06  0.000112713     6.28342e-06  0.000112715
 6.44026e-06  0.000123393     6.44053e-06  0.000123395
 6.60127e-06  0.000135054     6.60157e-06  0.000135057
  6.7663e-06  0.000147785     6.76664e-06  0.000147788
 6.93546e-06  0.000161679     6.93583e-06  0.000161683
 7.10885e-06  0.000176838     7.10927e-06  0.000176842
 7.28657e-06  0.000193372     7.28704e-06  0.000193377
 7.46873e-06    0.0002114     7.46926e-06  0.000211407
 7.65545e-06  0.000231052     7.65604e-06   0.00023106
 7.84684e-06  0.000252466      7.8475e-06  0.000252475
 8.04301e-06  0.000275793     8.04375e-06  0.000275805
 8.24408e-06  0.000301196     8.24491e-06   0.00030121
 8.45019e-06   0.00032885     8.45111e-06  0.000328866
 8.66144e-06  0.000358943     8.66248e-06  0.000358962
 8.87798e-06   0.00039168     8.87914e-06  0.000391703
 9.09993e-06  0.000427279     9.10122e-06  0.000427307
 9.32742e-06  0.000465977     9.32887e-06   0.00046601
 9.56061e-06  0.000508028     9.56223e-06  0.000508067
 9.79962e-06  0.000553705     9.80143e-06  0.000553751
 1.00446e-05  0.000603301     1.00466e-05  0.000603356
 1.02957e-05  0.000657131      1.0298e-05  0.000657197
 1.05531e-05  0.000715533     1.05556e-05  0.000715612
  1.0817e-05   0.00077887     1.08198e-05  0.000778964
 1.10874e-05   0.00084753     1.10905e-05  0.000847641
 1.13646e-05  0.000921929     1.13681e-05  0.000922061
 1.16487e-05   0.00100251     1.16526e-05   0.00100267
 1.19399e-05   0.00108975     1.19442e-05   0.00108994
 1.22384e-05   0.00118416     1.22432e-05   0.00118438
 1.25443e-05   0.00128629     1.25497e-05   0.00128655
  1.2858e-05    0.0013967     1.28639e-05   0.00139701
 1.31794e-05   0.00151602     1.31861e-05   0.00151639
 1.35089e-05   0.00164491     1.35163e-05   0.00164534
 1.38466e-05   0.00178406     1.38548e-05   0.00178458
 1.41928e-05   0.00193423     1.42019e-05   0.00193484
 1.45476e-05   0.00209621     1.45578e-05   0.00209692
 1.49113e-05   0.00227083     1.49226e-05   0.00227167
 1.52841e-05   0.00245899     1.52966e-05   0.00245998
 1.56662e-05   0.00266164     1.56801e-05    0.0026628
 1.60578e-05   0.00287978     1.60732e-05   0.00288115
 1.64593e-05   0.00311447     1.64764e-05   0.00311609
 1.68708e-05   0.00336685     1.68897e-05   0.00336874
 1.72925e-05   0.00363809     1.73135e-05   0.00364032
 1.77248e-05   0.00392945      1.7748e-05   0.00393206
  1.8168e-05   0.00424226     1.81936e-05   0.00424533
 1.86222e-05   0.00457791     1.86506e-05    0.0045815
 1.90877e-05   0.00493788     1.91191e-05   0.00494209
 1.95649e-05   0.00532372     1.95996e-05   0.00532863
  2.0054e-05   0.00573704     2.00923e-05   0.00574279
 2.05554e-05   0.00617957     2.05977e-05   0.00618629
 2.10693e-05    0.0066531     2.11159e-05   0.00666094
  2.1596e-05   0.00715953     2.16475e-05   0.00716866
 2.21359e-05   0.00770081     2.21926e-05   0.00771146
 2.26893e-05   0.00827903     2.27518e-05   0.00829143
 2.32565e-05   0.00889636     2.33254e-05   0.00891078
 2.38379e-05   0.00955505     2.39137e-05   0.00957181
 2.44339e-05    0.0102575     2.45173e-05    0.0102769
 2.50447e-05    0.0110061     2.51365e-05    0.0110287
 2.56708e-05    0.0118035     2.57717e-05    0.0118297
 2.63126e-05    0.0126524     2.64234e-05    0.0126827
 2.69704e-05    0.0135555     2.70921e-05    0.0135906
 2.76447e-05    0.0145158     2.77782e-05    0.0145564
 2.83358e-05    0.0155363     2.84822e-05    0.0155833
 2.90442e-05    0.0166202     2.92047e-05    0.0166744
 2.97703e-05    0.0177706     2.99462e-05    0.0178331
 3.05146e-05     0.018991     3.07073e-05    0.0190631
 3.12774e-05    0.0202849     3.14884e-05    0.0203679
 3.20594e-05    0.0216559     3.22901e-05    0.0217514
 3.28609e-05    0.0231077     3.31132e-05    0.0232175
 3.36824e-05    0.0246443     3.39582e-05    0.0247705
 3.45244e-05    0.0262697     3.48258e-05    0.0264145
 3.53875e-05    0.0279879     3.57166e-05     0.028154
 3.62722e-05    0.0298033     3.66313e-05    0.0299936
  3.7179e-05    0.0317203     3.75707e-05    0.0319382
 3.81085e-05    0.0337434     3.85355e-05    0.0339926
 3.90612e-05    0.0358773     3.95265e-05    0.0361621
 4.00378e-05    0.0381267     4.05445e-05    0.0384521
 4.10387e-05    0.0404967     4.15903e-05     0.040868
 4.20647e-05    0.0429924     4.26648e-05    0.0434156
 4.31163e-05    0.0456188     4.37689e-05    0.0461009
 4.41942e-05    0.0483814     4.49036e-05    0.0489302
 4.52991e-05    0.0512858     4.60697e-05    0.0519099
 4.64315e-05    0.0543374     4.72683e-05    0.0550466
 4.75923e-05    0.0575421     4.85005e-05    0.0583473
 4.87821e-05    0.0609057     4.97673e-05    0.0618193
 5.00017e-05    0.0644344     5.10699e-05      0.06547
 5.12517e-05    0.0681344     5.24094e-05    0.0693073
  5.2533e-05    0.0720118     5.37871e-05    0.0733393
 5.38463e-05    0.0760732     5.52042e-05    0.0775744
 5.51925e-05    0.0803252      5.6662e-05    0.0820215
 5.65723e-05    0.0847745      5.8162e-05    0.0866898
 5.79866e-05     0.089428     5.97055e-05    0.0915888
 5.94363e-05    0.0942927      6.1294e-05    0.0967286
 6.09222e-05    0.0993757     6.29291e-05      0.10212
 6.24452e-05     0.104684     6.46125e-05     0.107773
 6.40064e-05     0.110226     6.63457e-05       0.1137
 6.56065e-05     0.116008     6.81305e-05     0.119912
 6.72467e-05     0.122038     6.99689e-05     0.126423
 6.89279e-05     0.128325     7.18626e-05     0.133245
 7.06511e-05     0.134875     7.38137e-05     0.140393
 7.24173e-05     0.141698     7.58243e-05     0.147881
 7.42278e-05       0.1488     7.78965e-05     0.155725
 7.60835e-05     0.156192     8.00326e-05      0.16394
 7.79855e-05      0.16388     8.22351e-05     0.172545
 7.99352e-05     0.171873     8.45064e-05     0.181556
 8.19336e-05     0.180181     8.68491e-05     0.190994
 8.39819e-05     0.188812     8.92659e-05      0.20088
 8.60815e-05     0.197775     9.17598e-05     0.211234
 8.82335e-05     0.207079     9.43336e-05      0.22208
 9.04393e-05     0.216734     9.69907e-05     0.233442
 9.27003e-05     0.226747     9.97343e-05     0.245346
 9.50178e-05      0.23713     0.000102568     0.257822
 9.73933e-05      0.24789     0.000105495     0.270897
 9.98281e-05     0.259039      0.00010852     0.284606
 0.000102324     0.270585     0.000111646     0.298981
 0.000104882     0.282539     0.000114879     0.314061
 0.000107504      0.29491     0.000118221     0.329884
 0.000110192     0.307707     0.000121679     0.346495
 0.000112946     0.320943     0.000125258     0.363939
  0.00011577     0.334625     0.000128962     0.382268
 0.000118664     0.348765     0.000132797     0.401536
 0.000121631     0.363373      0.00013677     0.421804
 0.000124672     0.378459     0.000140887     0.443136
 0.000127788     0.394033     0.000145154     0.465605
 0.000130983     0.410107     0.000149581      0.48929
 0.000134258      0.42669     0.000154173     0.514278
 0.000137614     0.443794      0.00015894     0.540666
 0.000141054     0.461428     0.000163891      0.56856
 0.000144581     0.479603     0.000169035     0.598081
 0.000148195     0.498331     0.000174384     0.629362
   0.0001519     0.517621     0.000179949     0.662553
 0.000155698     0.537485     0.000185743     0.697822
  0.00015959     0.557932      0.00019178     0.735362
  0.00016358     0.578975     0.000198074     0.775389
 0.000167669     0.600624     0.000204643     0.818151
 0.000171861     0.622888     0.000211505     0.863929
 0.000176158      0.64578     0.000218681     0.913048
 0.000180562     0.669309     0.000226192     0.965881
 0.000185076     0.693487     0.000234066      1.02286
 0.000189703     0.718323     0.000242329      1.08448
 0.000194445     0.743828     0.000251014      1.15131
 0.000199306     0.770013     0.000260157      1.22404
 0.000204289     0.796888     0.000269797      1.30344
 0.000209396     0.824464     0.000279981      1.39044
 0.000214631      0.85275     0.000290758      1.48609
 0.000219997     0.881756     0.000302187      1.59165
 0.000225497     0.911493     0.000314332       1.7086
 0.000231134      0.94197     0.000327267      1.83865
 0.000236913     0.973197     0.000341072      1.98383
 0.000242835      1.00518     0.000355841      2.14652
 0.000248906      1.03794     0.000371674       2.3295
 0.000255129      1.07147     0.000388686      2.53605
 0.000261507      1.10579     0.000407003      2.77001
 0.000268045      1.14091     0.000426763      3.03587
 0.000274746      1.17683     0.000448117       3.3389
 0.000281615      1.21357     0.000471229      3.68524
 0.000288655      1.25113     0.000496278      4.08205
 0.000295871      1.28951     0.000523453      4.53764
 0.000303268      1.32874     0.000552956      5.06166
  0.00031085       1.3688        0.000585      5.66526
 0.000318621      1.40972     0.000619809      6.36125
 0.000326587       1.4515     0.000657615      7.16431
 0.000334751      1.49415     0.000698655      8.09121
  0.00034312      1.53767     0.000743173       9.1609
 0.000351698      1.58206     0.000791416      10.3948
  0.00036049      1.62734     0.000843631      11.8167
 0.000369503      1.67351      0.00090006      13.4531
  0.00037874      1.72058     0.000960944      15.3331
 0.000388209      1.76854      0.00102651      17.4883
 0.000397914      1.81741      0.00109698      19.9523
 0.000407862      1.86718      0.00117256      22.7608
 0.000418058      1.91787      0.00125341      25.9508
  0.00042851      1.96947      0.00133971      29.5598
 0.000439223      2.02199      0.00143158      33.6249
 0.000450203      2.07544       0.0015291      38.1817
 0.000461458       2.1298      0.00163235      43.2629
 0.000472995      2.18509      0.00174133       48.897
  0.00048482      2.24131      0.00185603      55.1071
  0.00049694      2.29845       0.0019764      61.9088
 0.000509364      2.35653      0.00210233      69.3102
 0.000522098      2.41553       0.0022337        77.31
  0.00053515      2.47545      0.00237035      85.8977
 0.000548529      2.53631       0.0025121      95.0537
 0.000562242      2.59809      0.00265878       104.75
 0.000576298       2.6608       0.0028102       114.95
 0.000590706      2.72443      0.00296617      125.612
 0.000605473      2.78898      0.00312654      136.692
  0.00062061      2.85444      0.00329118      148.141
 0.000636125      2.92082      0.00345997      159.912
 0.000652028      2.98811      0.00363285      171.959
 0.000668329      3.05631       0.0038098       184.24
 0.000685037      3.12541      0.00399083      196.718
 0.000702163       3.1954      0.00417599      209.361
 0.000719717      3.26628      0.00436539      222.143
  0.00073771      3.33805      0.00455916      235.046
 0.000756153       3.4107      0.00475745      248.055
 0.000775057      3.48422      0.00496048      261.162
 0.000794433       3.5586      0.00516845      274.365
 0.000814294      3.63384      0.00538161      287.664
 0.000834652      3.70993      0.00560022      301.065
 0.000855518      3.78686      0.00582456      314.575
 0.000876906      3.86462      0.00605491      328.204
 0.000898828       3.9432      0.00629158      341.965
 0.000921299      4.02259      0.00653488       355.87
 0.000944332      4.10278       0.0067851      369.933
  0.00096794      4.18377      0.00704258      384.168
 0.000992138      4.26553      0.00730764       398.59
  0.00101694      4.34807      0.00758061      413.214
  0.00104237      4.43136      0.00786182      428.052
  0.00106842      4.51539      0.00815161      443.118
  0.00109514      4.60016      0.00845032      458.426
  0.00112251      4.68565      0.00875829      473.988
  0.00115058      4.77185      0.00907588      489.817
  0.00117934      4.85874      0.00940343      505.922
  0.00120882      4.94631      0.00974132      522.316
  0.00123904      5.03454       0.0100899      539.007
  0.00127002      5.12343       0.0104495      556.005
  0.00130177      5.21296       0.0108206       573.32
  0.00133432      5.30311       0.0112036       590.96
  0.00136767      5.39386       0.0115987      608.931
  0.00140187      5.48521       0.0120065      627.242
  0.00143691      5.57714       0.0124273        645.9
  0.00147284      5.66963       0.0128615       664.91
  0.00150966      5.76266       0.0133097      684.278
   0.0015474      5.85623       0.0137721      704.011
  0.00158608       5.9503       0.0142493      724.113
  0.00162573      6.04488       0.0147418      744.589
  0.00166638      6.13993       0.0152499      765.443
  0.00170804      6.23545       0.0157742      786.681
  0.00175074      6.33142       0.0163152      808.305
  0.00179451      6.42782       0.0168733       830.32
  0.00183937      6.52463       0.0174492      852.729
  0.00188535      6.62183       0.0180433      875.535
  0.00193249      6.71942       0.0186562      898.742
   0.0019808      6.81736       0.0192884      922.351
  0.00203032      6.91565       0.0199405      946.366
  0.00208108      7.01427       0.0206132      970.789
   0.0021331       7.1132        0.021307      995.622
  0.00218643      7.21242       0.0220226      1020.87
  0.00224109      7.31191       0.0227605      1046.53
  0.00229712      7.41166       0.0235215      1072.61
  0.00235455      7.51165       0.0243063       1099.1
  0.00241341      7.61187       0.0251155      1126.01
  0.00247375      7.71229       0.0259498      1153.35
  0.00253559       7.8129       0.0268101      1181.11
  0.00259898      7.91367        0.027697      1209.29
  0.00266396      8.01461       0.0286113      1237.89
  0.00273055      8.11568       0.0295539      1266.92
  0.00279882      8.21686       0.0305255      1296.38
  0.00286879      8.31816       0.0315271      1326.26
  0.00294051      8.41953       0.0325594      1356.57
  0.00301402      8.52098       0.0336234      1387.31
  0.00308937      8.62248         0.03472      1418.48
  0.00316661      8.72402       0.0358501      1450.07
  0.00324577      8.82558       0.0370147       1482.1
  0.00332691      8.92714       0.0382149      1514.55
  0.00341009      9.02869       0.0394515      1547.44
  0.00349534      9.13022       0.0407257      1580.75
  0.00358272       9.2317       0.0420386      1614.49
  0.00367229      9.33312       0.0433913      1648.66
   0.0037641      9.43447       0.0447849      1683.27
   0.0038582      9.53573       0.0462205      1718.29
  0.00395466      9.63688       0.0476995      1753.75
  0.00405352      9.73792        0.049223      1789.64
  0.00415486      9.83883       0.0507924      1825.95
  0.00425873      9.93959       0.0524088      1862.69
   0.0043652      10.0402       0.0540738      1899.85
  0.00447433      10.1406       0.0557886      1937.44
  0.00458619      10.2409       0.0575547      1975.45
  0.00470084      10.3409       0.0593735      2013.89
  0.00481836      10.4407       0.0612466      2052.75
  0.00493882      10.5403       0.0631755      2092.03
  0.00506229      10.6397       0.0651618      2131.73
  0.00518885      10.7388        0.067207      2171.85
  0.00531857      10.8376        0.069313       2212.4
  0.00545154      10.9362       0.0714814      2253.35
  0.00558783      11.0344       0.0737139      2294.73
  0.00572752      11.1324       0.0760125      2336.51
  0.00587071      11.2301       0.0783789      2378.72
  0.00601748      11.3274       0.0808151      2421.33
  0.00616791      11.4244        0.083323      2464.36
  0.00632211      11.5211       0.0859047      2507.79
  0.00648016      11.6174       0.0885623      2551.63
  0.00664217      11.7134       0.0912979      2595.88
  0.00680822      11.8089       0.0941137      2640.54
  0.00697843      11.9042       0.0970119       2685.6
  0.00715289       11.999       0.0999949      2731.06
  0.00733171      12.0934        0.103065      2776.92
    0.007515      12.1874        0.106225      2823.18
  0.00770288       12.281        0.109477      2869.83
  0.00789545      12.3741        0.112824      2916.88
  0.00809284      12.4669        0.116268      2964.33
  0.00829516      12.5592        0.119812      3012.17
  0.00850254       12.651        0.123459      3060.39
   0.0087151      12.7424        0.127212      3109.01
  0.00893298      12.8333        0.131073      3158.02
   0.0091563      12.9238        0.135046       3207.4
  0.00938521      13.0138        0.139135      3257.18
  0.00961984      13.1033        0.143341      3307.33
  0.00986034      13.1923        0.147669      3357.86
   0.0101068      13.2808        0.152122      3408.78
   0.0103595      13.3689        0.156703      3460.07
   0.0106185      13.4564        0.161415      3511.73
    0.010884      13.5434        0.166264      3563.77
   0.0111561        13.63        0.171251      3616.17
    0.011435       13.716        0.176382      3668.95
   0.0117208      13.8014         0.18166      3722.09
   0.0120139      13.8864         0.18709       3775.6
   0.0123142      13.9708        0.192674      3829.48
   0.0126221      14.0547        0.198419      3883.71
   0.0129376       14.138        0.204328      3938.31
   0.0132611      14.2209        0.210406      3993.26
   0.0135926      14.3031        0.216657      4048.58
   0.0139324      14.3848        0.223086      4104.25
   0.0142807       14.466        0.229699      4160.27
   0.0146377      14.5466        0.236499      4216.64
   0.0150037      14.6267        0.243494      4273.36
   0.0153788      14.7062        0.250687      4330.44
   0.0157632      14.7852        0.258085      4387.86
   0.0161573      14.8636        0.265692      4445.62
   0.0165612      14.9414        0.273516      4503.73
   0.0169753      15.0187        0.281561      4562.18
   0.0173997      15.0954        0.289834      4620.97
   0.0178346      15.1716        0.298342       4680.1
   0.0182805      15.2472         0.30709      4739.57
   0.0187375      15.3222        0.316085      4799.37
    0.019206      15.3966        0.325335      4859.51
   0.0196861      15.4705        0.334845      4919.98
   0.0201783      15.5438        0.344624      4980.79
   0.0206827      15.6166        0.354679      5041.92
   0.0211998      15.6887        0.365017      5103.39
   0.0217298      15.7603        0.375646      5165.18
    0.022273      15.8314        0.386574      5227.29
   0.0228299      15.9019         0.39781      5289.74
   0.0234006      15.9718        0.409361       5352.5
   0.0239856      16.0411        0.421237      5415.59
   0.0245853      16.1099        0.433446         5479
   0.0251999      16.1781        0.445998      5542.73
   0.0258299      16.2457        0.458901      5606.78
   0.0264756      16.3128        0.472167      5671.14
   0.0271375      16.3793        0.485804      5735.83
    0.027816      16.4452        0.499822      5800.83
   0.0285114      16.5106        0.514233      5866.14
   0.0292241      16.5754        0.529047      5931.77
   0.0299547      16.6397        0.544275      5997.71
   0.0307036      16.7034        0.559928      6063.96
   0.0314712      16.7666        0.576018      6130.53
    0.032258      16.8292        0.592557       6197.4
   0.0330644      16.8913        0.609558      6264.58
   0.0338911      16.9528        0.627032      6332.07
   0.0347383      17.0137        0.644993      6399.87
   0.0356068      17.0741        0.663455      6467.98
    0.036497       17.134         0.68243      6536.39
   0.0374094      17.1933        0.701933      6605.11
   0.0383446      17.2521        0.721979      6674.13
   0.0393032      17.3104        0.742581      6743.46
   0.0402858      17.3681        0.763756      6813.09
    0.041293      17.4253        0.785519      6883.03
   0.0423253       17.482        0.807886      6953.27
   0.0433834      17.5381        0.830874      7023.81
    0.044468      17.5937        0.854499      7094.65
   0.0455797      17.6488        0.878779       7165.8
   0.0467192      17.7034        0.903732      7237.24
   0.0478872      17.7574        0.929376      7308.99
   0.0490843       17.811         0.95573      7381.04
   0.0503115       17.864        0.982813      7453.39
   0.0515692      17.9165         1.01065      7526.03
   0.0528585      17.9685         1.03925      7598.98
   0.0541799      18.0201         1.06864      7672.23
   0.0555344      18.0711         1.09884      7745.78
   0.0569228      18.1216         1.12988      7819.63
   0.0583459      18.1716         1.16178      7893.78
   0.0598045      18.2212         1.19455      7968.23
   0.0612996      18.2702         1.22823      8042.98
   0.0628321      18.3188         1.26284      8118.03
   0.0644029      18.3669         1.29841      8193.37
    0.066013      18.4145         1.33495      8269.02
   0.0676633      18.4617          1.3725      8344.97
   0.0693549      18.5083         1.41108      8421.22
   0.0710888      18.5545         1.45073      8497.78
    0.072866      18.6003         1.49147      8574.63
   0.0746876      18.6456         1.53332      8651.78
   0.0765548      18.6904         1.57633      8729.24
   0.0784687      18.7348         1.62052         8807
   0.0804304      18.7787         1.66593      8885.06
   0.0824412      18.8222         1.71258      8963.42
   0.0845022      18.8652         1.76052      9042.09
   0.0866148      18.9078         1.80977      9121.06
   0.0887801      18.9499         1.86037      9200.34
   0.0909996      18.9916         1.91236      9279.92
   0.0932746      19.0329         1.96578      9359.81
   0.0956065      19.0738         2.02066         9440
   0.0979967      19.1142         2.07705       9520.5
    0.100447      19.1542         2.13498      9601.31
    0.102958      19.1938          2.1945      9682.43
    0.105532       19.233         2.25565      9763.86
     0.10817      19.2718         2.31847       9845.6
    0.110874      19.3102         2.38302      9927.65
    0.113646      19.3481         2.44933        10010
    0.116487      19.3857         2.51745      10092.7
    0.119399      19.4229         2.58744      10175.7
    0.122384      19.4596         2.65935        10259
    0.125444       19.496         2.73321      10342.6
     0.12858       19.532          2.8091      10426.5
    0.131795      19.5676         2.88706      10510.8
    0.135089      19.6028         2.96716      10595.4
    0.138467      19.6377         3.04943      10680.2
    0.141928      19.6722         3.13396      10765.5
    0.145477      19.7063         3.22079        10851
    0.149113        19.74            3.31      10936.9
    0.152841      19.7734         3.40164        11023
    0.156662      19.8064         3.49577      11109.5
    0.160579      19.8391         3.59248      11196.4
    0.164593      19.8714         3.69182      11283.6
    0.168708      19.9034         3.79387      11371.1
    0.172926       19.935          3.8987      11458.9
    0.177249      19.9662         4.00639        11547
     0.18168      19.9972         4.11701      11635.5
    0.186222      20.0277         4.23065      11724.4
    0.190878       20.058         4.34738      11813.5
     0.19565      20.0879         4.46729        11903
    0.200541      20.1175         4.59046      11992.9
    0.205555      20.1468         4.71699      12083.1
    0.210693      20.1757         4.84696      12173.6
    0.215961      20.2043         4.98046      12264.5
     0.22136      20.2326          5.1176      12355.7
    0.226894      20.2606         5.25847      12447.3
    0.232566      20.2883         5.40316      12539.2
     0.23838      20.3157         5.55179      12631.5
     0.24434      20.3427         5.70446      12724.1
    0.250448      20.3695         5.86128      12817.1
     0.25671       20.396         6.02236      12910.4
    0.263127      20.4222         6.18782      13004.1
    0.269705       20.448         6.35777      13098.2
    0.276448      20.4736         6.53233      13192.6
    0.283359      20.4989         6.71163      13287.4
    0.290443       20.524         6.89581      13382.5
    0.297704      20.5487         7.08498      13478.1
    0.305147      20.5732         7.27928        13574
    0.312776      20.5974         7.47886      13670.2
    0.320595      20.6213         7.68385      13766.9
     0.32861      20.6449          7.8944      13863.9
    0.336825      20.6683         8.11067      13961.3
    0.345246      20.6914         8.33279        14059
    0.353877      20.7143         8.56094      14157.2
    0.362724      20.7369         8.79528      14255.7
    0.371792      20.7592         9.03596      14354.7
    0.381087      20.7813         9.28317        14454
    0.390614      20.8031         9.53708      14553.7
    0.400379      20.8247         9.79786      14653.8
    0.410389       20.846         10.0657      14754.3
    0.420648      20.8671         10.3408      14855.2
    0.431165       20.888         10.6234      14956.5
    0.441944      20.9086         10.9136      15058.2
    0.452992       20.929         11.2116      15160.3
    0.464317      20.9491         11.5178      15262.8
    0.475925       20.969         11.8322      15365.7
    0.487823      20.9887         12.1551        15469
    0.500019      21.0082         12.4868      15572.8
    0.512519      21.0274         12.8274      15676.9
    0.525332      21.0464         13.1773      15781.5
    0.538466      21.0652         13.5366      15886.5
    0.551927      21.0838         13.9057        15992
    0.565725      21.1022         14.2847      16097.8
    0.579869      21.1203         14.6739      16204.1
    0.594365      21.1383         15.0737      16310.8
    0.609224       21.156         15.4843        16418
    0.624455      21.1735          15.906      16525.6
    0.640066      21.1909         16.3391      16633.6
    0.656068       21.208         16.7839      16742.1
     0.67247      21.2249         17.2408        16851
    0.689281      21.2417         17.7099      16960.3
    0.706514      21.2582         18.1918      17070.1
    0.724176      21.2745         18.6866      17180.4
    0.742281      21.2907         19.1948      17291.1
    0.760838      21.3067         19.7168      17402.3
    0.779859      21.3225         20.2528        17514
    0.799355      21.3381         20.8033      17626.1
    0.819339      21.3535         21.3687      17738.6
    0.839823      21.3687         21.9494      17851.7
    0.860818      21.3838         22.5457      17965.2
    0.882339      21.3986         23.1581      18079.2
    0.904397      21.4134          23.787      18193.7
    0.927007      21.4279          24.433      18308.6
    0.950182      21.4423         25.0963      18424.1
    0.973937      21.4565         25.7776        18540
    0.998285      21.4705         26.4772      18656.4
     1.02324      21.4844         27.1957      18773.3
     1.04882      21.4981         27.9336      18890.7
     1.07504      21.5116         28.6913      19008.6
     1.10192       21.525         29.4696        19127
     1.12947      21.5382         30.2688        19246
      1.1577      21.5513         31.0895      19365.4
     1.18665      21.5642         31.9324      19485.3
     1.21631       21.577          32.798      19605.8
     1.24672      21.5896          33.687      19726.7
     1.27789       21.602         34.5999      19848.2
     1.30984      21.6144         35.5374      19970.2
     1.34258      21.6265         36.5002      20092.8
     1.37615      21.6386         37.4889      20215.9
     1.41055      21.6505         38.5043      20339.5
     1.44581      21.6622          39.547      20463.6
     1.48196      21.6738         40.6179      20588.3
     1.51901      21.6853         41.7175      20713.5
     1.55698      21.6966         42.8469      20839.3
     1.59591      21.7078         44.0066      20965.6
     1.63581      21.7189         45.1976      21092.5
      1.6767      21.7298         46.4206        21220
     1.71862      21.7406         47.6766        21348
     1.76158      21.7513         48.9664      21476.5
     1.80562      21.7619          50.291      21605.7
     1.85076      21.7723         51.6512      21735.4
     1.89703      21.7826          53.048      21865.7
     1.94446      21.7928         54.4825      21996.5
     1.99307      21.8028         55.9555        22128
      2.0429      21.8128         57.4683        22260
     2.09397      21.8226         59.0217      22392.6
     2.14632      21.8323          60.617      22525.8
     2.19998      21.8419         62.2552      22659.6
     2.25498      21.8514         63.9375        22794
     2.31135      21.8607          65.665        22929
     2.36914        21.87         67.4391      23064.6
     2.42836      21.8791         69.2609      23200.9
     2.48907      21.8882         71.1317      23337.7
      2.5513      21.8971         73.0529      23475.2
     2.61508      21.9059         75.0257      23613.3
     2.68046      21.9146         77.0516        23752
     2.74747      21.9232          79.132      23891.3
     2.81616      21.9317         81.2684      24031.3
     2.88656      21.9401         83.4623      24171.9
     2.95873      21.9484         85.7151      24313.1
     3.03269      21.9566         88.0286        24455
     3.10851      21.9648         90.4043      24597.5
     3.18622      21.9728         92.8438      24740.7
     3.26588      21.9807          95.349      24884.6
     3.34753      21.9885         97.9215      25029.1
     3.43121      21.9962         100.563      25174.3
     3.51699      22.0038         103.276      25320.1
     3.60492      22.0114         106.062      25466.6
     3.69504      22.0188         108.922      25613.8
     3.78742      22.0262          111.86      25761.7
      3.8821      22.0335         114.876      25910.3
     3.97916      22.0407         117.974      26059.5
     4.07864      22.0478         121.155      26209.4
      4.1806      22.0548         124.421      26360.1
     4.28512      22.0617         127.775      26511.4
     4.39224      22.0685         131.219      26663.4
     4.50205      22.0753         134.756      26816.2
      4.6146       22.082         138.388      26969.7
     4.72997      22.0886         142.117      27123.8
     4.84822      22.0951         145.947      27278.7
     4.96942      22.1016          149.88      27434.4
     5.09366      22.1079         153.918      27590.7
       5.221      22.1142         158.065      27747.8
     5.35152      22.1204         162.323      27905.6
     5.48531      22.1266         166.696      28064.2
     5.62244      22.1326         171.186      28223.5
     5.76301      22.1386         175.796      28383.6
     5.90708      22.1445         180.531      28544.5
     6.05476      22.1504         185.393        28706
     6.20613      22.1562         190.385      28868.4
