        11.5      9.73938
 6.28319e-06  0.000280129     6.28377e-06   0.00028014
 6.44026e-06  0.000305763     6.44092e-06  0.000305777
 6.60127e-06  0.000333635     6.60201e-06  0.000333651
  6.7663e-06  0.000363927     6.76712e-06  0.000363947
 6.93546e-06  0.000396838     6.93638e-06  0.000396861
 7.10885e-06  0.000432577     7.10987e-06  0.000432605
 7.28657e-06  0.000471371     7.28771e-06  0.000471405
 7.46873e-06  0.000513465     7.47001e-06  0.000513505
 7.65545e-06  0.000559119     7.65688e-06  0.000559167
 7.84684e-06  0.000608613     7.84843e-06  0.000608669
 8.04301e-06  0.000662246     8.04478e-06  0.000662313
 8.24408e-06   0.00072034     8.24606e-06  0.000720419
 8.45019e-06  0.000783236     8.45239e-06   0.00078333
 8.66144e-06  0.000851302      8.6639e-06  0.000851414
 8.87798e-06  0.000924931     8.88071e-06  0.000925063
 9.09993e-06   0.00100454     9.10297e-06    0.0010047
 9.32742e-06   0.00109058     9.33081e-06   0.00109076
 9.56061e-06   0.00118352     9.56438e-06   0.00118374
 9.79962e-06   0.00128387     9.80382e-06   0.00128413
 1.00446e-05   0.00139218     1.00493e-05   0.00139249
 1.02957e-05   0.00150903     1.03009e-05   0.00150939
 1.05531e-05   0.00163502     1.05589e-05   0.00163545
  1.0817e-05   0.00177081     1.08233e-05   0.00177131
 1.10874e-05   0.00191709     1.10945e-05   0.00191769
 1.13646e-05   0.00207462     1.13724e-05   0.00207532
 1.16487e-05   0.00224416     1.16574e-05   0.00224498
 1.19399e-05   0.00242655     1.19495e-05   0.00242752
 1.22384e-05   0.00262268     1.22491e-05   0.00262383
 1.25443e-05   0.00283349     1.25562e-05   0.00283483
  1.2858e-05   0.00305996     1.28711e-05   0.00306154
 1.31794e-05   0.00330316     1.31939e-05   0.00330501
 1.35089e-05   0.00356419     1.35249e-05   0.00356635
 1.38466e-05   0.00384423     1.38643e-05   0.00384677
 1.41928e-05   0.00414452     1.42124e-05    0.0041475
 1.45476e-05   0.00446639     1.45692e-05   0.00446987
 1.49113e-05   0.00481122     1.49352e-05   0.00481529
 1.52841e-05   0.00518048     1.53104e-05   0.00518523
 1.56662e-05   0.00557571     1.56953e-05   0.00558125
 1.60578e-05   0.00599854     1.60899e-05   0.00600501
 1.64593e-05   0.00645069     1.64946e-05   0.00645822
 1.68708e-05   0.00693395     1.69097e-05   0.00694273
 1.72925e-05   0.00745023     1.73354e-05   0.00746045
 1.77248e-05   0.00800152     1.77721e-05    0.0080134
  1.8168e-05   0.00858991     1.82199e-05   0.00860371
 1.86222e-05   0.00921758     1.86793e-05   0.00923361
 1.90877e-05   0.00988685     1.91505e-05   0.00990545
 1.95649e-05    0.0106001     1.96339e-05    0.0106217
  2.0054e-05    0.0113599     2.01298e-05    0.0113849
 2.05554e-05    0.0121688     2.06386e-05    0.0121977
 2.10693e-05    0.0130296     2.11606e-05    0.0130631
  2.1596e-05    0.0139452     2.16962e-05    0.0139839
 2.21359e-05    0.0149185     2.22458e-05    0.0149632
 2.26893e-05    0.0159527     2.28097e-05    0.0160042
 2.32565e-05    0.0170509     2.33884e-05    0.0171104
 2.38379e-05    0.0182166     2.39824e-05    0.0182852
 2.44339e-05    0.0194533     2.45919e-05    0.0195322
 2.50447e-05    0.0207645     2.52176e-05    0.0208553
 2.56708e-05    0.0221541     2.58599e-05    0.0222584
 2.63126e-05    0.0236258     2.65193e-05    0.0237456
 2.69704e-05    0.0251837     2.71962e-05    0.0253212
 2.76447e-05    0.0268319     2.78912e-05    0.0269896
 2.83358e-05    0.0285748     2.86049e-05    0.0287554
 2.90442e-05    0.0304166     2.93377e-05    0.0306233
 2.97703e-05    0.0323619     3.00903e-05    0.0325983
 3.05146e-05    0.0344153     3.08634e-05    0.0346855
 3.12774e-05    0.0365816     3.16574e-05    0.0368901
 3.20594e-05    0.0388657     3.24731e-05    0.0392175
 3.28609e-05    0.0412725     3.33111e-05    0.0416735
 3.36824e-05    0.0438072     3.41722e-05    0.0442637
 3.45244e-05    0.0464749      3.5057e-05    0.0469943
 3.53875e-05    0.0492809     3.59663e-05    0.0498713
 3.62722e-05    0.0522306     3.69009e-05    0.0529011
  3.7179e-05    0.0553296     3.78616e-05    0.0560904
 3.81085e-05    0.0585833     3.88492e-05    0.0594458
 3.90612e-05    0.0619974     3.98645e-05    0.0629744
 4.00378e-05    0.0655776     4.09086e-05    0.0666834
 4.10387e-05    0.0693298     4.19823e-05      0.07058
 4.20647e-05    0.0732596     4.30867e-05    0.0746721
 4.31163e-05    0.0773731     4.42226e-05    0.0789674
 4.41942e-05    0.0816761     4.53912e-05    0.0834741
 4.52991e-05    0.0861746     4.65935e-05    0.0882007
 4.64315e-05    0.0908746     4.78307e-05    0.0931555
 4.75923e-05    0.0957821      4.9104e-05     0.098348
 4.87821e-05     0.100903     5.04145e-05     0.103787
 5.00017e-05     0.106244     5.17636e-05     0.109482
 5.12517e-05      0.11181     5.31526e-05     0.115444
  5.2533e-05     0.117608     5.45828e-05     0.121682
 5.38463e-05     0.123643     5.60556e-05     0.128207
 5.51925e-05     0.129922     5.75726e-05     0.135031
 5.65723e-05     0.136451     5.91353e-05     0.142164
 5.79866e-05     0.143236     6.07453e-05     0.149621
 5.94363e-05     0.150282     6.24043e-05     0.157412
 6.09222e-05     0.157595      6.4114e-05     0.165551
 6.24452e-05     0.165182     6.58762e-05     0.174053
 6.40064e-05     0.173048     6.76929e-05     0.182932
 6.56065e-05     0.181199      6.9566e-05     0.192204
 6.72467e-05     0.189641     7.14977e-05     0.201884
 6.89279e-05     0.198379       7.349e-05     0.211992
 7.06511e-05     0.207419     7.55452e-05     0.222544
 7.24173e-05     0.216766     7.76657e-05      0.23356
 7.42278e-05     0.226427      7.9854e-05     0.245062
 7.60835e-05     0.236406     8.21127e-05     0.257071
 7.79855e-05     0.246709     8.44444e-05     0.269612
 7.99352e-05     0.257342     8.68521e-05     0.282708
 8.19336e-05     0.268309     8.93388e-05     0.296388
 8.39819e-05     0.279616     9.19076e-05     0.310681
 8.60815e-05     0.291268     9.45618e-05     0.325619
 8.82335e-05     0.303271      9.7305e-05     0.341237
 9.04393e-05     0.315629     0.000100141     0.357567
 9.27003e-05     0.328348     0.000103073     0.374654
 9.50178e-05     0.341432     0.000106106     0.392538
 9.73933e-05     0.354886     0.000109244     0.411269
 9.98281e-05     0.368716     0.000112492     0.430896
 0.000102324     0.382927     0.000115855     0.451473
 0.000104882     0.397522     0.000119337     0.473066
 0.000107504     0.412507     0.000122945     0.495738
 0.000110192     0.427887     0.000126684     0.519568
 0.000112946     0.443666     0.000130561     0.544636
  0.00011577     0.459848     0.000134583     0.571026
 0.000118664      0.47644     0.000138757      0.59885
 0.000121631     0.493444     0.000143092      0.62821
 0.000124672     0.510866     0.000147595     0.659238
 0.000127788      0.52871     0.000152276     0.692081
 0.000130983      0.54698     0.000157146     0.726876
 0.000134258     0.565681     0.000162215     0.763826
 0.000137614     0.584818     0.000167496     0.803121
 0.000141054     0.604393     0.000173002      0.84498
 0.000144581     0.624413     0.000178748     0.889698
 0.000148195      0.64488      0.00018475     0.937534
   0.0001519       0.6658     0.000191027     0.988871
 0.000155698     0.687176     0.000197598      1.04408
  0.00015959     0.709012     0.000204485      1.10361
  0.00016358     0.731312     0.000211715      1.16803
 0.000167669     0.754081     0.000219314      1.23789
 0.000171861     0.777321     0.000227316      1.31398
 0.000176158     0.801038     0.000235755      1.39706
 0.000180562     0.825235      0.00024467      1.48809
 0.000185076     0.849915     0.000254109      1.58829
 0.000189703     0.875083     0.000264118      1.69883
 0.000194445     0.900742     0.000274759      1.82141
 0.000199306     0.926896     0.000286092       1.9577
 0.000204289     0.953548     0.000298188      2.10983
 0.000209396     0.980701     0.000311128      2.28029
 0.000214631      1.00836        0.000325      2.47194
 0.000219997      1.03653     0.000339901      2.68814
 0.000225497      1.06521     0.000355937      2.93278
 0.000231134       1.0944     0.000373227      3.21045
 0.000236913      1.12412     0.000391898      3.52643
 0.000242835      1.15435     0.000412086      3.88684
 0.000248906      1.18511     0.000433939      4.29882
 0.000255129       1.2164     0.000457612      4.77051
 0.000261507      1.24821     0.000483271      5.31133
 0.000268045      1.28057     0.000511087      5.93205
 0.000274746      1.31345     0.000541238       6.6449
 0.000281615      1.34688     0.000573908      7.46372
 0.000288655      1.38085     0.000609283      8.40418
 0.000295871      1.41537     0.000647551      9.48365
 0.000303268      1.45043     0.000688897      10.7215
  0.00031085      1.48604      0.00073351      12.1391
 0.000318621       1.5222     0.000781563      13.7594
 0.000326587      1.55892     0.000833232      15.6074
 0.000334751       1.5962     0.000888671      17.7093
  0.00034312      1.63403     0.000948031      20.0926
 0.000351698      1.67243      0.00101144      22.7853
  0.00036049      1.71139        0.001079      25.8152
 0.000369503      1.75092       0.0011508      29.2094
  0.00037874      1.79101      0.00122688      32.9928
 0.000388209      1.83168      0.00130729      37.1874
 0.000397914      1.87292      0.00139201      41.8115
 0.000407862      1.91473      0.00148101      46.8776
 0.000418058      1.95711      0.00157421      52.3925
  0.00042851      2.00008      0.00167153      58.3555
 0.000439223      2.04362      0.00177284       64.759
 0.000450203      2.08775        0.001878      71.5872
 0.000461458      2.13245      0.00198685      78.8177
 0.000472995      2.17774      0.00209924      86.4209
  0.00048482      2.22362        0.002215      94.3626
  0.00049694      2.27008      0.00233397      102.604
 0.000509364      2.31714      0.00245604      111.104
 0.000522098      2.36478      0.00258108      119.823
  0.00053515      2.41301      0.00270902      128.721
 0.000548529      2.46183       0.0028398       137.76
 0.000562242      2.51125       0.0029734      146.907
 0.000576298      2.56126      0.00310984      156.135
 0.000590706      2.61187      0.00324917       165.42
 0.000605473      2.66308      0.00339147      174.743
  0.00062061      2.71488      0.00353684      184.094
 0.000636125      2.76728      0.00368543      193.463
 0.000652028      2.82028      0.00383739      202.848
 0.000668329      2.87388      0.00399288      212.249
 0.000685037      2.92809      0.00415211      221.671
 0.000702163      2.98289      0.00431527      231.118
 0.000719717       3.0383      0.00448258      240.601
  0.00073771      3.09431      0.00465426      250.128
 0.000756153      3.15092      0.00483054      259.711
 0.000775057      3.20814      0.00501166      269.361
 0.000794433      3.26597      0.00519785      279.091
 0.000814294       3.3244      0.00538935      288.912
 0.000834652      3.38344      0.00558641      298.836
 0.000855518      3.44309      0.00578928      308.876
 0.000876906      3.50334      0.00599821      319.041
 0.000898828       3.5642      0.00621344      329.344
 0.000921299      3.62567      0.00643525      339.795
 0.000944332      3.68775      0.00666387      350.404
  0.00096794      3.75044      0.00689959       361.18
 0.000992138      3.81374      0.00714265      372.131
  0.00101694      3.87764      0.00739334      383.268
  0.00104237      3.94216      0.00765193      394.597
  0.00106842      4.00729       0.0079187      406.127
  0.00109514      4.07303      0.00819393      417.865
  0.00112251      4.13938      0.00847791      429.816
  0.00115058      4.20634      0.00877095       441.99
  0.00117934      4.27391      0.00907334       454.39
  0.00120882       4.3421      0.00938539      467.023
  0.00123904      4.41089      0.00970743      479.896
  0.00127002       4.4803       0.0100398      493.012
  0.00130177      4.55032       0.0103827      506.379
  0.00133432      4.62095       0.0107367          520
  0.00136767      4.69219        0.011102      533.881
  0.00140187      4.76405        0.011479      548.024
  0.00143691      4.83652       0.0118681      562.442
  0.00147284       4.9096       0.0122695      577.124
  0.00150966      4.98329       0.0126839       592.09
   0.0015474      5.05759       0.0131114      607.336
  0.00158608      5.13251       0.0135526      622.872
  0.00162573      5.20803       0.0140079      638.688
  0.00166638      5.28417       0.0144777      654.807
  0.00170804      5.36093       0.0149624      671.224
  0.00175074      5.43829       0.0154626      687.948
  0.00179451      5.51626       0.0159786      704.964
  0.00183937      5.59485       0.0165111      722.302
  0.00188535      5.67405       0.0170603      739.941
  0.00193249      5.75386       0.0176271      757.915
   0.0019808      5.83428       0.0182118      776.208
  0.00203032      5.91531       0.0188149      794.811
  0.00208108      5.99696       0.0194371      813.755
   0.0021331      6.07921       0.0200789      833.034
  0.00218643      6.16208        0.020741      852.652
  0.00224109      6.24555       0.0214239      872.603
  0.00229712      6.32964       0.0221282      892.896
  0.00235455      6.41434       0.0228547      913.543
  0.00241341      6.49964        0.023604       934.54
  0.00247375      6.58556       0.0243768      955.898
  0.00253559      6.67209       0.0251737      977.595
  0.00259898      6.75922       0.0259957      999.677
  0.00266396      6.84697       0.0268433      1022.12
  0.00273055      6.93532       0.0277174      1044.94
  0.00279882      7.02429       0.0286188      1068.13
  0.00286879      7.11386       0.0295481      1091.68
  0.00294051      7.20404       0.0305064      1115.63
  0.00301402      7.29483       0.0314946      1139.96
  0.00308937      7.38623       0.0325134      1164.67
  0.00316661      7.47823       0.0335639      1189.79
  0.00324577      7.57085        0.034647      1215.31
  0.00332691      7.66407       0.0357637      1241.23
  0.00341009       7.7579       0.0369149      1267.55
  0.00349534      7.85233       0.0381015      1294.26
  0.00358272      7.94738        0.039325      1321.41
  0.00367229      8.04303       0.0405862      1348.97
   0.0037641      8.13928       0.0418861      1376.92
   0.0038582      8.23614       0.0432262      1405.33
  0.00395466      8.33361       0.0446075      1434.15
  0.00405352      8.43169       0.0460314      1463.41
  0.00415486      8.53037       0.0474988       1493.1
  0.00425873      8.62965       0.0490114      1523.23
   0.0043652      8.72954       0.0505703       1553.8
  0.00447433      8.83004       0.0521771      1584.83
  0.00458619      8.93114       0.0538331      1616.31
  0.00470084      9.03284       0.0555396      1648.23
  0.00481836      9.13515       0.0572985      1680.63
  0.00493882      9.23806       0.0591109      1713.48
  0.00506229      9.34158       0.0609785      1746.78
  0.00518885       9.4457       0.0629032      1780.58
  0.00531857      9.55043       0.0648864      1814.83
  0.00545154      9.65575       0.0669301      1849.58
  0.00558783      9.76168       0.0690357      1884.79
  0.00572752      9.86822       0.0712052      1920.48
  0.00587071      9.97535       0.0734407      1956.66
  0.00601748      10.0831       0.0757446       1993.4
  0.00616791      10.1914       0.0781177      2030.57
  0.00632211      10.3004       0.0805628      2068.27
  0.00648016      10.4099       0.0830816      2106.44
  0.00664217      10.5201       0.0856768      2145.15
  0.00680822      10.6308       0.0883505      2184.38
  0.00697843      10.7422       0.0911052      2224.13
  0.00715289      10.8541        0.093942      2264.35
  0.00733171      10.9667       0.0968658      2305.19
    0.007515      11.0798       0.0998759      2346.44
  0.00770288      11.1936        0.102978      2388.33
  0.00789545      11.3079        0.106173      2430.72
  0.00809284      11.4229        0.109464      2473.66
  0.00829516      11.5384        0.112854      2517.12
  0.00850254      11.6546        0.116346      2561.18
   0.0087151      11.7713        0.119942      2605.76
  0.00893298      11.8887        0.123646      2650.87
   0.0091563      12.0066        0.127461      2696.58
  0.00938521      12.1252        0.131391      2742.87
  0.00961984      12.2443        0.135437       2789.7
  0.00986034       12.364        0.139606      2837.14
   0.0101068      12.4844        0.143898      2885.13
   0.0103595      12.6053        0.148318       2933.7
   0.0106185      12.7269         0.15287      2982.86
    0.010884       12.849        0.157559      3032.65
   0.0111561      12.9717        0.162386      3082.99
    0.011435      13.0951        0.167357      3133.91
   0.0117208       13.219        0.172476      3185.49
   0.0120139      13.3435        0.177749      3237.71
   0.0123142      13.4687        0.183176      3290.47
   0.0126221      13.5944        0.188765      3343.85
   0.0129376      13.7207        0.194521      3397.88
   0.0132611      13.8476        0.200446      3452.49
   0.0135926      13.9751        0.206549      3507.82
   0.0139324      14.1032        0.212831      3563.72
   0.0142807      14.2319        0.219299      3620.26
   0.0146377      14.3612        0.225958      3677.45
   0.0150037      14.4911        0.232815       3735.3
   0.0153788      14.6216        0.239874      3793.75
   0.0157632      14.7527        0.247141      3852.89
   0.0161573      14.8844        0.254624      3912.74
   0.0165612      15.0167        0.262327      3973.18
   0.0169753      15.1495        0.270257      4034.33
   0.0173997       15.283        0.278419      4096.07
   0.0178346      15.4171        0.286823      4158.59
   0.0182805      15.5517        0.295472      4221.65
   0.0187375       15.687        0.304379      4285.55
    0.019206      15.8228        0.313546      4350.05
   0.0196861      15.9593        0.322983      4415.31
   0.0201783      16.0963        0.332696      4481.18
   0.0206827       16.234        0.342696      4547.86
   0.0211998      16.3722        0.352987      4615.16
   0.0217298       16.511        0.363583      4683.29
    0.022273      16.6504        0.374483      4751.89
   0.0228299      16.7904        0.385709      4821.47
   0.0234006       16.931         0.39726      4891.64
   0.0239856      17.0722        0.409148      4962.51
   0.0245853       17.214        0.421388      5034.27
   0.0251999      17.3564        0.433981      5106.61
   0.0258299      17.4994        0.446943       5179.7
   0.0264756       17.643        0.460284      5253.58
   0.0271375      17.7871        0.474015      5328.23
    0.027816      17.9319        0.488148      5403.71
   0.0285114      18.0772        0.502689      5479.81
   0.0292241      18.2232        0.517659      5556.84
   0.0299547      18.3697        0.533057       5634.4
   0.0307036      18.5168        0.548906      5712.81
   0.0314712      18.6646        0.565216         5792
    0.032258      18.8129        0.582001      5871.99
   0.0330644      18.9618        0.599275       5952.8
   0.0338911      19.1113        0.617051      6034.44
   0.0347383      19.2614         0.63534      6116.76
   0.0356068      19.4121        0.654161      6199.93
    0.036497      19.5634        0.673534      6284.04
   0.0374094      19.7152        0.693457      6368.68
   0.0383446      19.8677        0.713966      6454.34
   0.0393032      20.0207        0.735064      6540.69
   0.0402858      20.1744         0.75678      6628.08
    0.041293      20.3286        0.779117      6716.07
   0.0423253      20.4835         0.80211      6805.16
   0.0433834      20.6389        0.825754      6894.75
    0.044468      20.7949        0.850089      6985.35
   0.0455797      20.9515        0.875131      7076.91
   0.0467192      21.1087        0.900877      7168.87
   0.0478872      21.2665        0.927382      7262.05
   0.0490843      21.4249        0.954656      7356.19
   0.0503115      21.5838        0.982702      7450.87
   0.0515692      21.7434         1.01157      7546.61
   0.0528585      21.9036         1.04126      7643.23
   0.0541799      22.0643         1.07181      7740.66
   0.0555344      22.2256         1.10323      7838.89
   0.0569228      22.3876         1.13556      7938.19
   0.0583459      22.5501         1.16882      8038.27
   0.0598045      22.7132         1.20305      8139.42
   0.0612996      22.8769         1.23825      8241.27
   0.0628321      23.0412         1.27445      8344.04
   0.0644029      23.2061         1.31171      8447.88
    0.066013      23.3715         1.35003      8552.39
   0.0676633      23.5376         1.38945      8657.96
   0.0693549      23.7043         1.42999       8764.3
   0.0710888      23.8715         1.47171      8871.89
    0.072866      24.0394         1.51462       8980.3
   0.0746876      24.2078         1.55875      9089.42
   0.0765548      24.3768         1.60414      9199.52
   0.0784687      24.5464         1.65085      9310.87
   0.0804304      24.7166         1.69889         9423
   0.0824412      24.8874         1.74831       9536.2
   0.0845022      25.0588         1.79912       9650.1
   0.0866148      25.2308         1.85139      9764.96
   0.0887801      25.4033         1.90515      9880.83
   0.0909996      25.5765         1.96047      9998.11
   0.0932746      25.7502         2.01734      10115.8
   0.0956065      25.9245         2.07584      10234.8
   0.0979967      26.0995         2.13601      10354.7
    0.100447       26.275         2.19789      10475.4
    0.102958      26.4511         2.26154      10597.3
    0.105532      26.6278         2.32701      10720.3
     0.10817      26.8051         2.39434      10844.2
    0.110874      26.9829         2.46358      10969.1
    0.113646      27.1614          2.5348        11095
    0.116487      27.3405         2.60805      11222.1
    0.119399      27.5201         2.68338      11350.1
    0.122384      27.7003         2.76084      11479.1
    0.125444      27.8812         2.84051      11609.2
     0.12858      28.0626         2.92242      11740.1
    0.131795      28.2446          3.0067      11872.4
    0.135089      28.4272         3.09335      12005.6
    0.138467      28.6104         3.18243      12139.6
    0.141928      28.7941         3.27407        12275
    0.145477      28.9785         3.36831      12411.4
    0.149113      29.1634         3.46521      12548.8
    0.152841       29.349         3.56485      12687.2
    0.156662      29.5351         3.66736      12827.2
    0.160579      29.7218         3.77273      12967.9
    0.164593      29.9092         3.88107      13109.5
    0.168708      30.0971         3.99248      13252.2
    0.172926      30.2855         4.10712      13396.7
    0.177249      30.4746         4.22491      13541.5
     0.18168      30.6643         4.34607      13687.8
    0.186222      30.8546         4.47061      13834.8
    0.190878      31.0454          4.5987      13983.2
     0.19565      31.2368          4.7304      14132.7
    0.200541      31.4289         4.86582      14283.3
    0.205555      31.6215         5.00512      14435.5
    0.210693      31.8147         5.14828      14588.3
    0.215961      32.0085         5.29547      14742.1
     0.22136      32.2029         5.44686      14897.4
    0.226894      32.3979         5.60251      15053.9
    0.232566      32.5934         5.76255      15211.6
     0.23838      32.7896         5.92715      15370.9
     0.24434      32.9863         6.09624      15530.1
    0.250448      33.1837         6.27022      15691.6
     0.25671      33.3816         6.44902      15853.6
    0.263127      33.5801         6.63285      16016.8
    0.269705      33.7792         6.82192      16181.7
    0.276448      33.9789         7.01625      16347.4
    0.283359      34.1792         7.21615        16515
    0.290443        34.38         7.42155        16683
    0.297704      34.5815         7.63276      16852.5
    0.305147      34.7835         7.84993      17023.3
    0.312776      34.9862         8.07311      17194.9
    0.320595      35.1894         8.30262        17368
     0.32861      35.3932         8.53856      17542.3
    0.336825      35.5976         8.78114        17718
    0.345246      35.8026         9.03056      17895.1
    0.353877      36.0082         9.28685      18072.8
    0.362724      36.2144         9.55044      18252.3
    0.371792      36.4211         9.82142      18433.1
    0.381087      36.6285         10.0999      18614.7
    0.390614      36.8364         10.3863      18798.1
    0.400379       37.045         10.6807      18982.8
    0.410389            0               0            0
    0.420648            0               0            0
    0.431165            0               0            0
    0.441944            0               0            0
    0.452992            0               0            0
    0.464317            0               0            0
    0.475925            0               0            0
    0.487823            0               0            0
    0.500019            0               0            0
    0.512519            0               0            0
    0.525332            0               0            0
    0.538466            0               0            0
    0.551927            0               0            0
    0.565725            0               0            0
    0.579869            0               0            0
    0.594365            0               0            0
    0.609224            0               0            0
    0.624455            0               0            0
    0.640066            0               0            0
    0.656068            0               0            0
     0.67247            0               0            0
    0.689281            0               0            0
    0.706514            0               0            0
    0.724176            0               0            0
    0.742281            0               0            0
    0.760838            0               0            0
    0.779859            0               0            0
    0.799355            0               0            0
    0.819339            0               0            0
    0.839823            0               0            0
    0.860818            0               0            0
    0.882339            0               0            0
    0.904397            0               0            0
    0.927007            0               0            0
    0.950182            0               0            0
    0.973937            0               0            0
    0.998285            0               0            0
     1.02324            0               0            0
     1.04882            0               0            0
     1.07504            0               0            0
     1.10192            0               0            0
     1.12947            0               0            0
      1.1577            0               0            0
     1.18665            0               0            0
     1.21631            0               0            0
     1.24672            0               0            0
     1.27789            0               0            0
     1.30984            0               0            0
     1.34258            0               0            0
     1.37615            0               0            0
     1.41055            0               0            0
     1.44581            0               0            0
     1.48196            0               0            0
     1.51901            0               0            0
     1.55698            0               0            0
     1.59591            0               0            0
     1.63581            0               0            0
      1.6767            0               0            0
     1.71862            0               0            0
     1.76158            0               0            0
     1.80562            0               0            0
     1.85076            0               0            0
     1.89703            0               0            0
     1.94446            0               0            0
     1.99307            0               0            0
      2.0429            0               0            0
     2.09397            0               0            0
     2.14632            0               0            0
     2.19998            0               0            0
     2.25498            0               0            0
     2.31135            0               0            0
     2.36914            0               0            0
     2.42836            0               0            0
     2.48907            0               0            0
      2.5513            0               0            0
     2.61508            0               0            0
     2.68046            0               0            0
     2.74747            0               0            0
     2.81616            0               0            0
     2.88656            0               0            0
     2.95873            0               0            0
     3.03269            0               0            0
     3.10851            0               0            0
     3.18622            0               0            0
     3.26588            0               0            0
     3.34753            0               0            0
     3.43121            0               0            0
     3.51699            0               0            0
     3.60492            0               0            0
     3.69504            0               0            0
     3.78742            0               0            0
      3.8821            0               0            0
     3.97916            0               0            0
     4.07864            0               0            0
      4.1806            0               0            0
     4.28512            0               0            0
     4.39224            0               0            0
     4.50205            0               0            0
      4.6146            0               0            0
     4.72997            0               0            0
     4.84822            0               0            0
     4.96942            0               0            0
     5.09366            0               0            0
       5.221            0               0            0
     5.35152            0               0            0
     5.48531            0               0            0
     5.62244            0               0            0
     5.76301            0               0            0
     5.90708            0               0            0
     6.05476            0               0            0
     6.20613            0               0            0
