# k P(k)
1.256637e-04 1.103806e+01
1.284696e-04 1.128356e+01
1.313382e-04 1.153449e+01
1.342708e-04 1.179098e+01
1.372689e-04 1.205315e+01
1.403340e-04 1.232112e+01
1.434675e-04 1.259503e+01
1.466709e-04 1.287499e+01
1.499459e-04 1.316114e+01
1.532940e-04 1.345362e+01
1.567169e-04 1.375257e+01
1.602162e-04 1.405813e+01
1.637936e-04 1.437043e+01
1.674509e-04 1.468964e+01
1.711899e-04 1.501590e+01
1.750123e-04 1.534936e+01
1.789202e-04 1.569018e+01
1.829152e-04 1.603852e+01
1.869995e-04 1.639455e+01
1.911750e-04 1.675843e+01
1.954437e-04 1.713033e+01
1.998077e-04 1.751043e+01
2.042692e-04 1.789891e+01
2.088302e-04 1.829594e+01
2.134932e-04 1.870172e+01
2.182602e-04 1.911642e+01
2.231337e-04 1.954026e+01
2.281160e-04 1.997341e+01
2.332095e-04 2.041609e+01
2.384168e-04 2.086850e+01
2.437404e-04 2.133084e+01
2.491828e-04 2.180334e+01
2.547468e-04 2.228622e+01
2.604349e-04 2.277969e+01
2.662501e-04 2.328398e+01
2.721952e-04 2.379932e+01
2.782730e-04 2.432596e+01
2.844865e-04 2.486414e+01
2.908387e-04 2.541409e+01
2.973328e-04 2.597608e+01
3.039718e-04 2.655035e+01
3.107592e-04 2.713718e+01
3.176980e-04 2.773683e+01
3.247918e-04 2.834956e+01
3.320441e-04 2.897567e+01
3.394582e-04 2.961543e+01
3.470379e-04 3.026913e+01
3.547868e-04 3.093706e+01
3.627088e-04 3.161953e+01
3.708076e-04 3.231684e+01
3.790873e-04 3.302931e+01
3.875519e-04 3.375725e+01
3.962054e-04 3.450099e+01
4.050522e-04 3.526085e+01
4.140965e-04 3.603718e+01
4.233428e-04 3.683031e+01
4.327955e-04 3.764060e+01
4.424593e-04 3.846840e+01
4.523389e-04 3.931408e+01
4.624391e-04 4.017799e+01
4.727648e-04 4.106053e+01
4.833210e-04 4.196207e+01
4.941130e-04 4.288300e+01
5.051459e-04 4.382372e+01
5.164252e-04 4.478464e+01
5.279564e-04 4.576615e+01
5.397450e-04 4.676868e+01
5.517968e-04 4.779266e+01
5.641178e-04 4.883851e+01
5.767139e-04 4.990668e+01
5.895912e-04 5.099761e+01
6.027560e-04 5.211175e+01
6.162148e-04 5.324957e+01
6.299742e-04 5.441154e+01
6.440407e-04 5.559813e+01
6.584214e-04 5.680982e+01
6.731231e-04 5.804711e+01
6.881531e-04 5.931049e+01
7.035188e-04 6.060048e+01
7.192275e-04 6.191757e+01
7.352869e-04 6.326229e+01
7.517050e-04 6.463517e+01
7.684897e-04 6.603674e+01
7.856491e-04 6.746755e+01
8.031917e-04 6.892813e+01
8.211260e-04 7.041906e+01
8.394607e-04 7.194088e+01
8.582048e-04 7.349417e+01
8.773675e-04 7.507949e+01
8.969581e-04 7.669744e+01
9.169860e-04 7.834860e+01
9.374612e-04 8.003355e+01
9.583936e-04 8.175291e+01
9.797933e-04 8.350726e+01
1.001671e-03 8.529722e+01
1.024037e-03 8.712340e+01
1.046903e-03 8.898642e+01
1.070279e-03 9.088690e+01
1.094177e-03 9.282545e+01
1.118608e-03 9.480271e+01
1.143585e-03 9.681931e+01
1.169120e-03 9.887588e+01
1.195225e-03 1.009730e+02
1.221913e-03 1.031114e+02
1.249197e-03 1.052917e+02
1.277090e-03 1.075144e+02
1.305606e-03 1.097803e+02
1.334759e-03 1.120899e+02
1.364562e-03 1.144439e+02
1.395031e-03 1.168429e+02
1.426180e-03 1.192875e+02
1.458025e-03 1.217783e+02
1.490581e-03 1.243160e+02
1.523864e-03 1.269010e+02
1.557890e-03 1.295341e+02
1.592676e-03 1.322157e+02
1.628238e-03 1.349464e+02
1.664595e-03 1.377268e+02
1.701763e-03 1.405574e+02
1.739762e-03 1.434388e+02
1.778608e-03 1.463713e+02
1.818323e-03 1.493555e+02
1.858924e-03 1.523918e+02
1.900431e-03 1.554807e+02
1.942865e-03 1.586225e+02
1.986247e-03 1.618177e+02
2.030598e-03 1.650665e+02
2.075938e-03 1.683692e+02
2.122292e-03 1.717262e+02
2.169680e-03 1.751377e+02
2.218126e-03 1.786038e+02
2.267654e-03 1.821247e+02
2.318288e-03 1.857006e+02
2.370053e-03 1.893313e+02
2.422973e-03 1.930171e+02
2.477075e-03 1.967577e+02
2.532385e-03 2.005531e+02
2.588930e-03 2.044030e+02
2.646738e-03 2.083074e+02
2.705836e-03 2.122657e+02
2.766254e-03 2.162777e+02
2.828021e-03 2.203429e+02
2.891168e-03 2.244608e+02
2.955724e-03 2.286307e+02
3.021722e-03 2.328519e+02
3.089193e-03 2.371237e+02
3.158171e-03 2.414451e+02
3.228689e-03 2.458151e+02
3.300782e-03 2.502327e+02
3.374484e-03 2.546967e+02
3.449832e-03 2.592058e+02
3.526863e-03 2.637586e+02
3.605613e-03 2.683535e+02
3.686122e-03 2.729889e+02
3.768429e-03 2.776631e+02
3.852573e-03 2.823741e+02
3.938596e-03 2.871201e+02
4.026541e-03 2.918988e+02
4.116448e-03 2.967081e+02
4.208364e-03 3.015455e+02
4.302331e-03 3.064085e+02
4.398397e-03 3.112945e+02
4.496608e-03 3.162008e+02
4.597012e-03 3.211243e+02
4.699657e-03 3.260621e+02
4.804595e-03 3.310111e+02
4.911876e-03 3.359678e+02
5.021552e-03 3.409290e+02
5.133677e-03 3.458911e+02
5.248306e-03 3.508503e+02
5.365494e-03 3.558030e+02
5.485299e-03 3.607451e+02
5.607779e-03 3.656729e+02
5.732994e-03 3.705820e+02
5.861005e-03 3.754683e+02
5.991874e-03 3.803276e+02
6.125665e-03 3.851554e+02
6.262444e-03 3.899473e+02
6.402276e-03 3.946987e+02
6.545231e-03 3.994052e+02
6.691378e-03 4.040619e+02
6.840789e-03 4.086643e+02
6.993535e-03 4.132077e+02
7.149692e-03 4.176873e+02
7.309336e-03 4.220983e+02
7.472545e-03 4.264361e+02
7.639398e-03 4.306958e+02
7.809976e-03 4.348728e+02
7.984363e-03 4.389625e+02
8.162644e-03 4.429600e+02
8.344906e-03 4.468610e+02
8.531238e-03 4.506607e+02
8.721730e-03 4.543549e+02
8.916476e-03 4.579391e+02
9.115570e-03 4.614091e+02
9.319109e-03 4.647608e+02
9.527193e-03 4.679900e+02
9.739924e-03 4.710928e+02
9.957405e-03 4.740656e+02
1.017974e-02 4.769046e+02
1.040704e-02 4.796064e+02
1.063942e-02 4.821675e+02
1.087698e-02 4.845849e+02
1.111985e-02 4.868555e+02
1.136815e-02 4.889765e+02
1.162198e-02 4.909452e+02
1.188149e-02 4.927591e+02
1.214679e-02 4.944160e+02
1.241801e-02 4.959136e+02
1.269529e-02 4.972501e+02
1.297876e-02 4.984237e+02
1.326856e-02 4.994328e+02
1.356483e-02 5.002761e+02
1.386772e-02 5.009523e+02
1.417737e-02 5.014605e+02
1.449393e-02 5.017998e+02
1.481756e-02 5.019696e+02
1.514842e-02 5.019693e+02
1.548667e-02 5.017988e+02
1.583246e-02 5.014578e+02
1.618598e-02 5.009465e+02
1.654740e-02 5.002649e+02
1.691688e-02 4.994136e+02
1.729461e-02 4.983931e+02
1.768078e-02 4.972039e+02
1.807557e-02 4.958471e+02
1.847918e-02 4.943236e+02
1.889179e-02 4.926344e+02
1.931362e-02 4.907811e+02
1.974487e-02 4.887648e+02
2.018575e-02 4.865873e+02
2.063648e-02 4.842502e+02
2.109726e-02 4.817555e+02
2.156834e-02 4.791049e+02
2.204993e-02 4.763008e+02
2.254228e-02 4.733452e+02
2.304562e-02 4.702406e+02
2.356021e-02 4.669895e+02
2.408628e-02 4.635944e+02
2.462409e-02 4.600581e+02
2.517392e-02 4.563834e+02
2.573602e-02 4.525734e+02
2.631068e-02 4.486311e+02
2.689816e-02 4.445597e+02
2.749876e-02 4.403625e+02
2.811278e-02 4.360431e+02
2.874050e-02 4.316049e+02
2.938224e-02 4.270516e+02
3.003831e-02 4.223870e+02
3.070903e-02 4.176150e+02
3.139473e-02 4.127396e+02
3.209573e-02 4.077648e+02
3.281239e-02 4.026949e+02
3.354505e-02 3.975341e+02
3.429407e-02 3.922869e+02
3.505982e-02 3.869576e+02
3.584266e-02 3.815509e+02
3.664298e-02 3.760714e+02
3.746118e-02 3.705238e+02
3.829764e-02 3.649129e+02
3.915278e-02 3.592435e+02
4.002701e-02 3.535205e+02
4.092077e-02 3.477489e+02
4.183448e-02 3.419336e+02
4.276859e-02 3.360796e+02
4.372356e-02 3.301920e+02
4.469985e-02 3.242758e+02
4.569795e-02 3.183360e+02
4.671833e-02 3.123778e+02
4.776149e-02 3.064061e+02
4.882795e-02 3.004260e+02
4.991821e-02 2.944423e+02
5.103283e-02 2.884601e+02
5.217233e-02 2.824842e+02
5.333727e-02 2.765194e+02
5.452823e-02 2.705705e+02
5.574578e-02 2.646421e+02
5.699051e-02 2.587386e+02
5.826304e-02 2.528647e+02
5.956398e-02 2.470246e+02
6.089397e-02 2.412225e+02
6.225366e-02 2.354626e+02
6.364371e-02 2.297487e+02
6.506480e-02 2.240847e+02
6.651762e-02 2.184742e+02
6.800287e-02 2.129207e+02
6.952129e-02 2.074276e+02
7.107362e-02 2.019981e+02
7.266061e-02 1.966350e+02
7.428303e-02 1.913414e+02
7.594168e-02 1.861198e+02
7.763736e-02 1.809726e+02
7.937091e-02 1.759023e+02
8.114317e-02 1.709110e+02
8.295500e-02 1.660005e+02
8.480728e-02 1.611726e+02
8.670092e-02 1.564290e+02
8.863685e-02 1.517710e+02
9.061600e-02 1.472000e+02
9.263935e-02 1.427169e+02
9.470787e-02 1.383227e+02
9.682258e-02 1.340181e+02
9.898451e-02 1.298038e+02
1.011947e-01 1.256802e+02
1.034543e-01 1.216475e+02
1.057643e-01 1.177059e+02
1.081259e-01 1.138555e+02
1.105402e-01 1.100961e+02
1.130084e-01 1.064275e+02
1.155318e-01 1.028493e+02
1.181114e-01 9.936103e+01
1.207487e-01 9.596214e+01
1.234449e-01 9.265194e+01
1.262013e-01 8.942964e+01
1.290192e-01 8.629439e+01
1.319000e-01 8.324524e+01
1.348452e-01 8.028117e+01
1.378561e-01 7.740107e+01
1.409343e-01 7.460380e+01
1.440812e-01 7.188812e+01
1.472983e-01 6.925279e+01
1.505873e-01 6.669646e+01
1.539498e-01 6.421778e+01
1.573873e-01 6.181535e+01
1.609015e-01 5.948773e+01
1.644943e-01 5.723346e+01
1.681672e-01 5.505105e+01
1.719222e-01 5.293899e+01
1.757610e-01 5.089576e+01
1.796855e-01 4.891981e+01
1.836977e-01 4.700961e+01
1.877994e-01 4.516361e+01
1.919928e-01 4.338024e+01
1.962797e-01 4.165796e+01
2.006624e-01 3.999521e+01
2.051430e-01 3.839046e+01
2.097236e-01 3.684216e+01
2.144064e-01 3.534881e+01
2.191939e-01 3.390887e+01
2.240882e-01 3.252087e+01
2.290918e-01 3.118332e+01
2.342072e-01 2.989475e+01
2.394367e-01 2.865374e+01
2.447830e-01 2.745885e+01
2.502487e-01 2.630869e+01
2.558365e-01 2.520189e+01
2.615490e-01 2.413709e+01
2.673891e-01 2.311296e+01
2.733596e-01 2.212822e+01
2.794633e-01 2.118158e+01
2.857034e-01 2.027180e+01
2.920828e-01 1.939766e+01
2.986047e-01 1.855796e+01
3.052722e-01 1.775153e+01
3.120885e-01 1.697725e+01
3.190571e-01 1.623400e+01
3.261812e-01 1.552070e+01
3.334645e-01 1.483630e+01
3.409103e-01 1.417977e+01
3.485224e-01 1.355012e+01
3.563045e-01 1.294636e+01
3.642603e-01 1.236757e+01
3.723938e-01 1.181282e+01
3.807089e-01 1.128122e+01
3.892097e-01 1.077191e+01
3.979003e-01 1.028406e+01
4.067849e-01 9.816845e+00
4.158679e-01 9.369486e+00
4.251537e-01 8.941219e+00
4.346469e-01 8.531308e+00
4.443520e-01 8.139039e+00
4.542739e-01 7.763720e+00
4.644173e-01 7.404686e+00
4.747871e-01 7.061290e+00
4.853886e-01 6.732909e+00
4.962267e-01 6.418942e+00
5.073068e-01 6.118807e+00
5.186344e-01 5.831944e+00
5.302148e-01 5.557811e+00
5.420539e-01 5.295887e+00
5.541573e-01 5.045669e+00
5.665310e-01 4.806673e+00
5.791809e-01 4.578431e+00
5.921133e-01 4.360493e+00
6.053345e-01 4.152427e+00
6.188509e-01 3.953816e+00
6.326690e-01 3.764260e+00
6.467958e-01 3.583371e+00
6.612379e-01 3.410780e+00
6.760026e-01 3.246129e+00
6.910969e-01 3.089076e+00
7.065282e-01 2.939293e+00
7.223041e-01 2.796461e+00
7.384323e-01 2.660278e+00
7.549206e-01 2.530452e+00
7.717771e-01 2.406703e+00
7.890099e-01 2.288762e+00
8.066275e-01 2.176372e+00
8.246385e-01 2.069285e+00
8.430517e-01 1.967265e+00
8.618760e-01 1.870083e+00
8.811207e-01 1.777523e+00
9.007950e-01 1.689375e+00
9.209087e-01 1.605440e+00
9.414714e-01 1.525525e+00
9.624934e-01 1.449449e+00
9.839847e-01 1.377034e+00
1.005956e+00 1.308112e+00
1.028418e+00 1.242524e+00
1.051381e+00 1.180114e+00
1.074857e+00 1.120736e+00
1.098857e+00 1.064249e+00
1.123393e+00 1.010518e+00
1.148477e+00 9.594134e-01
1.174121e+00 9.108131e-01
1.200338e+00 8.645990e-01
1.227140e+00 8.206588e-01
1.254541e+00 7.788848e-01
1.282553e+00 7.391745e-01
1.311191e+00 7.014299e-01
1.340468e+00 6.655572e-01
1.370399e+00 6.314671e-01
1.400999e+00 5.990743e-01
1.432281e+00 5.682972e-01
1.464262e+00 5.390581e-01
1.496958e+00 5.112830e-01
1.530383e+00 4.849009e-01
1.564554e+00 4.598444e-01
1.599489e+00 4.360492e-01
1.635204e+00 4.134538e-01
1.671716e+00 3.919996e-01
1.709043e+00 3.716310e-01
1.747204e+00 3.522947e-01
1.786217e+00 3.339401e-01
1.826101e+00 3.165187e-01
1.866876e+00 2.999847e-01
1.908561e+00 2.842941e-01
1.951176e+00 2.694053e-01
1.994744e+00 2.552783e-01
2.039284e+00 2.418755e-01
2.084819e+00 2.291606e-01
2.131370e+00 2.170994e-01
2.178961e+00 2.056592e-01
2.227615e+00 1.948089e-01
2.277355e+00 1.845188e-01
2.328205e+00 1.747609e-01
2.380191e+00 1.655083e-01
2.433338e+00 1.567356e-01
2.487671e+00 1.484184e-01
2.543218e+00 1.405337e-01
2.600005e+00 1.330596e-01
2.658060e+00 1.259752e-01
2.717411e+00 1.192607e-01
2.778088e+00 1.128973e-01
2.840119e+00 1.068670e-01
2.903535e+00 1.011527e-01
2.968368e+00 9.573842e-02
3.034648e+00 9.060860e-02
3.102408e+00 8.574869e-02
3.171681e+00 8.114479e-02
3.242500e+00 7.678371e-02
3.314902e+00 7.265293e-02
3.388919e+00 6.874053e-02
3.464590e+00 6.503523e-02
3.541950e+00 6.152627e-02
3.621037e+00 5.820348e-02
3.701891e+00 5.505718e-02
3.784549e+00 5.207818e-02
3.869054e+00 4.925776e-02
3.955445e+00 4.658765e-02
4.043765e+00 4.405998e-02
4.134057e+00 4.166732e-02
4.226366e+00 3.940257e-02
4.320735e+00 3.725904e-02
4.417212e+00 3.523035e-02
4.515843e+00 3.331046e-02
4.616676e+00 3.149365e-02
4.719761e+00 2.977447e-02
4.825148e+00 2.814778e-02
4.932887e+00 2.660868e-02
5.043033e+00 2.515254e-02
5.155638e+00 2.377497e-02
5.270757e+00 2.247179e-02
5.388446e+00 2.123906e-02
5.508764e+00 2.007303e-02
5.631768e+00 1.897016e-02
5.757518e+00 1.792706e-02
5.886077e+00 1.694057e-02
6.017505e+00 1.600764e-02
6.151869e+00 1.512543e-02
6.289233e+00 1.429121e-02
6.429664e+00 1.350242e-02
6.573230e+00 1.275662e-02
6.720002e+00 1.205150e-02
6.870052e+00 1.138487e-02
7.023452e+00 1.075466e-02
7.180277e+00 1.015892e-02
7.340604e+00 9.595786e-03
7.504510e+00 9.063495e-03
7.672077e+00 8.560384e-03
7.843385e+00 8.084875e-03
8.018518e+00 7.635476e-03
8.197562e+00 7.210771e-03
8.380604e+00 6.809422e-03
8.567732e+00 6.430162e-03
8.759039e+00 6.071790e-03
8.954618e+00 5.733173e-03
9.154564e+00 5.413234e-03
9.358974e+00 5.110956e-03
9.567948e+00 4.825378e-03
9.781589e+00 4.555587e-03
1.000000e+01 4.300723e-03
