-4.20182013e+00 -1.07635630e+01
-4.19064739e+00 -1.07188933e+01
-4.17947465e+00 -1.06742242e+01
-4.16830191e+00 -1.06295556e+01
-4.15712917e+00 -1.05848876e+01
-4.14595643e+00 -1.05402203e+01
-4.13478369e+00 -1.04955536e+01
-4.12361095e+00 -1.04508875e+01
-4.11243821e+00 -1.04062221e+01
-4.10126547e+00 -1.03615574e+01
-4.09009274e+00 -1.03168934e+01
-4.07892000e+00 -1.02722301e+01
-4.06774726e+00 -1.02275676e+01
-4.05657452e+00 -1.01829058e+01
-4.04540178e+00 -1.01382448e+01
-4.03422904e+00 -1.00935846e+01
-4.02305630e+00 -1.00489253e+01
-4.01188356e+00 -1.00042668e+01
-4.00071082e+00 -9.95960914e+00
-3.98953808e+00 -9.91495242e+00
-3.97836534e+00 -9.87029663e+00
-3.96719260e+00 -9.82564179e+00
-3.95601986e+00 -9.78098793e+00
-3.94484712e+00 -9.73633508e+00
-3.93367438e+00 -9.69168326e+00
-3.92250164e+00 -9.64703251e+00
-3.91132890e+00 -9.60238285e+00
-3.90015616e+00 -9.55773432e+00
-3.88898342e+00 -9.51308694e+00
-3.87781068e+00 -9.46844076e+00
-3.86663794e+00 -9.42379580e+00
-3.85546520e+00 -9.37915211e+00
-3.84429246e+00 -9.33450970e+00
-3.83311972e+00 -9.28986863e+00
-3.82194698e+00 -9.24522893e+00
-3.81077424e+00 -9.20059065e+00
-3.79960150e+00 -9.15595381e+00
-3.78842876e+00 -9.11131846e+00
-3.77725602e+00 -9.06668466e+00
-3.76608329e+00 -9.02205243e+00
-3.75491055e+00 -8.97742183e+00
-3.74373781e+00 -8.93279291e+00
-3.73256507e+00 -8.88816571e+00
-3.72139233e+00 -8.84354028e+00
-3.71021959e+00 -8.79891668e+00
-3.69904685e+00 -8.75429496e+00
-3.68787411e+00 -8.70967517e+00
-3.67670137e+00 -8.66505738e+00
-3.66552863e+00 -8.62044164e+00
-3.65435589e+00 -8.57582801e+00
-3.64318315e+00 -8.53121656e+00
-3.63201041e+00 -8.48660735e+00
-3.62083767e+00 -8.44200045e+00
-3.60966493e+00 -8.39739593e+00
-3.59849219e+00 -8.35279385e+00
-3.58731945e+00 -8.30819430e+00
-3.57614671e+00 -8.26359735e+00
-3.56497397e+00 -8.21900308e+00
-3.55380123e+00 -8.17441158e+00
-3.54262849e+00 -8.12982291e+00
-3.53145575e+00 -8.08523718e+00
-3.52028301e+00 -8.04065448e+00
-3.50911027e+00 -7.99607489e+00
-3.49793753e+00 -7.95149852e+00
-3.48676479e+00 -7.90692546e+00
-3.47559205e+00 -7.86235581e+00
-3.46441931e+00 -7.81778970e+00
-3.45324658e+00 -7.77322721e+00
-3.44207384e+00 -7.72866848e+00
-3.43090110e+00 -7.68411361e+00
-3.41972836e+00 -7.63956274e+00
-3.40855562e+00 -7.59501598e+00
-3.39738288e+00 -7.55047347e+00
-3.38621014e+00 -7.50593535e+00
-3.37503740e+00 -7.46140176e+00
-3.36386466e+00 -7.41687283e+00
-3.35269192e+00 -7.37234873e+00
-3.34151918e+00 -7.32782962e+00
-3.33034644e+00 -7.28331564e+00
-3.31917370e+00 -7.23880698e+00
-3.30800096e+00 -7.19430380e+00
-3.29682822e+00 -7.14980629e+00
-3.28565548e+00 -7.10531464e+00
-3.27448274e+00 -7.06082903e+00
-3.26331000e+00 -7.01634967e+00
-3.25213726e+00 -6.97187678e+00
-3.24096452e+00 -6.92741055e+00
-3.22979178e+00 -6.88295123e+00
-3.21861904e+00 -6.83849905e+00
-3.20744630e+00 -6.79405423e+00
-3.19627356e+00 -6.74961705e+00
-3.18510082e+00 -6.70518775e+00
-3.17392808e+00 -6.66076661e+00
-3.16275534e+00 -6.61635391e+00
-3.15158260e+00 -6.57194994e+00
-3.14040986e+00 -6.52755500e+00
-3.12923713e+00 -6.48316940e+00
-3.11806439e+00 -6.43879348e+00
-3.10689165e+00 -6.39442757e+00
-3.09571891e+00 -6.35007201e+00
-3.08454617e+00 -6.30572719e+00
-3.07337343e+00 -6.26139347e+00
-3.06220069e+00 -6.21707124e+00
-3.05102795e+00 -6.17276093e+00
-3.03985521e+00 -6.12846295e+00
-3.02868247e+00 -6.08417774e+00
-3.01750973e+00 -6.03990577e+00
-3.00633699e+00 -5.99564750e+00
-2.99516425e+00 -5.95140344e+00
-2.98399151e+00 -5.90717409e+00
-2.97281877e+00 -5.86295999e+00
-2.96164603e+00 -5.81876170e+00
-2.95047329e+00 -5.77457980e+00
-2.93930055e+00 -5.73041487e+00
-2.92812781e+00 -5.68626755e+00
-2.91695507e+00 -5.64213848e+00
-2.90578233e+00 -5.59802833e+00
-2.89460959e+00 -5.55393780e+00
-2.88343685e+00 -5.50986762e+00
-2.87226411e+00 -5.46581853e+00
-2.86109137e+00 -5.42179132e+00
-2.84991863e+00 -5.37778681e+00
-2.83874589e+00 -5.33380583e+00
-2.82757315e+00 -5.28984926e+00
-2.81640042e+00 -5.24591801e+00
-2.80522768e+00 -5.20201303e+00
-2.79405494e+00 -5.15813529e+00
-2.78288220e+00 -5.11428581e+00
-2.77170946e+00 -5.07046564e+00
-2.76053672e+00 -5.02667589e+00
-2.74936398e+00 -4.98291768e+00
-2.73819124e+00 -4.93919220e+00
-2.72701850e+00 -4.89550065e+00
-2.71584576e+00 -4.85184432e+00
-2.70467302e+00 -4.80822450e+00
-2.69350028e+00 -4.76464256e+00
-2.68232754e+00 -4.72109989e+00
-2.67115480e+00 -4.67759796e+00
-2.65998206e+00 -4.63413828e+00
-2.64880932e+00 -4.59072239e+00
-2.63763658e+00 -4.54735190e+00
-2.62646384e+00 -4.50402849e+00
-2.61529110e+00 -4.46075387e+00
-2.60411836e+00 -4.41752981e+00
-2.59294562e+00 -4.37435815e+00
-2.58177288e+00 -4.33124078e+00
-2.57060014e+00 -4.28817963e+00
-2.55942740e+00 -4.24517673e+00
-2.54825466e+00 -4.20223413e+00
-2.53708192e+00 -4.15935395e+00
-2.52590918e+00 -4.11653840e+00
-2.51473644e+00 -4.07378970e+00
-2.50356370e+00 -4.03111016e+00
-2.49239097e+00 -3.98850215e+00
-2.48121823e+00 -3.94596809e+00
-2.47004549e+00 -3.90351046e+00
-2.45887275e+00 -3.86113180e+00
-2.44770001e+00 -3.81883470e+00
-2.43652727e+00 -3.77662182e+00
-2.42535453e+00 -3.73449585e+00
-2.41418179e+00 -3.69245955e+00
-2.40300905e+00 -3.65051571e+00
-2.39183631e+00 -3.60866719e+00
-2.38066357e+00 -3.56691687e+00
-2.36949083e+00 -3.52526770e+00
-2.35831809e+00 -3.48372262e+00
-2.34714535e+00 -3.44228464e+00
-2.33597261e+00 -3.40095680e+00
-2.32479987e+00 -3.35974214e+00
-2.31362713e+00 -3.31864373e+00
-2.30245439e+00 -3.27766467e+00
-2.29128165e+00 -3.23680804e+00
-2.28010891e+00 -3.19607695e+00
-2.26893617e+00 -3.15547449e+00
-2.25776343e+00 -3.11500376e+00
-2.24659069e+00 -3.07466783e+00
-2.23541795e+00 -3.03446975e+00
-2.22424521e+00 -2.99441256e+00
-2.21307247e+00 -2.95449925e+00
-2.20189973e+00 -2.91473278e+00
-2.19072699e+00 -2.87511606e+00
-2.17955426e+00 -2.83565195e+00
-2.16838152e+00 -2.79634325e+00
-2.15720878e+00 -2.75719270e+00
-2.14603604e+00 -2.71820297e+00
-2.13486330e+00 -2.67937664e+00
-2.12369056e+00 -2.64071623e+00
-2.11251782e+00 -2.60222417e+00
-2.10134508e+00 -2.56390279e+00
-2.09017234e+00 -2.52575434e+00
-2.07899960e+00 -2.48778097e+00
-2.06782686e+00 -2.44998471e+00
-2.05665412e+00 -2.41236753e+00
-2.04548138e+00 -2.37493126e+00
-2.03430864e+00 -2.33767764e+00
-2.02313590e+00 -2.30060832e+00
-2.01196316e+00 -2.26372481e+00
-2.00079042e+00 -2.22702857e+00
-1.98961768e+00 -2.19052090e+00
-1.97844494e+00 -2.15420306e+00
-1.96727220e+00 -2.11807617e+00
-1.95609946e+00 -2.08214128e+00
-1.94492672e+00 -2.04639936e+00
-1.93375398e+00 -2.01085128e+00
-1.92258124e+00 -1.97549785e+00
-1.91140850e+00 -1.94033980e+00
-1.90023576e+00 -1.90537779e+00
-1.88906302e+00 -1.87061244e+00
-1.87789028e+00 -1.83604431e+00
-1.86671754e+00 -1.80167392e+00
-1.85554481e+00 -1.76750174e+00
-1.84437207e+00 -1.73352822e+00
-1.83319933e+00 -1.69975379e+00
-1.82202659e+00 -1.66617887e+00
-1.81085385e+00 -1.63280387e+00
-1.79968111e+00 -1.59962918e+00
-1.78850837e+00 -1.56665523e+00
-1.77733563e+00 -1.53388244e+00
-1.76616289e+00 -1.50131125e+00
-1.75499015e+00 -1.46894215e+00
-1.74381741e+00 -1.43677562e+00
-1.73264467e+00 -1.40481220e+00
-1.72147193e+00 -1.37305248e+00
-1.71029919e+00 -1.34149708e+00
-1.69912645e+00 -1.31014665e+00
-1.68795371e+00 -1.27900193e+00
-1.67678097e+00 -1.24806368e+00
-1.66560823e+00 -1.21733272e+00
-1.65443549e+00 -1.18680994e+00
-1.64326275e+00 -1.15649626e+00
-1.63209001e+00 -1.12639268e+00
-1.62091727e+00 -1.09650023e+00
-1.60974453e+00 -1.06682001e+00
-1.59857179e+00 -1.03735314e+00
-1.58739905e+00 -1.00810083e+00
-1.57622631e+00 -9.79064284e-01
-1.56505357e+00 -9.50244778e-01
-1.55388083e+00 -9.21643602e-01
-1.54270810e+00 -8.93262080e-01
-1.53153536e+00 -8.65101554e-01
-1.52036262e+00 -8.37163381e-01
-1.50918988e+00 -8.09448925e-01
-1.49801714e+00 -7.81959551e-01
-1.48684440e+00 -7.54696614e-01
-1.47567166e+00 -7.27661455e-01
-1.46449892e+00 -7.00855393e-01
-1.45332618e+00 -6.74279711e-01
-1.44215344e+00 -6.47935656e-01
-1.43098070e+00 -6.21824422e-01
-1.41980796e+00 -5.95947150e-01
-1.40863522e+00 -5.70304913e-01
-1.39746248e+00 -5.44898710e-01
-1.38628974e+00 -5.19729462e-01
-1.37511700e+00 -4.94797997e-01
-1.36394426e+00 -4.70105050e-01
-1.35277152e+00 -4.45651252e-01
-1.34159878e+00 -4.21437124e-01
-1.33042604e+00 -3.97463074e-01
-1.31925330e+00 -3.73729389e-01
-1.30808056e+00 -3.50236231e-01
-1.29690782e+00 -3.26983635e-01
-1.28573508e+00 -3.03971502e-01
-1.27456234e+00 -2.81199602e-01
-1.26338960e+00 -2.58667568e-01
-1.25221686e+00 -2.36374894e-01
-1.24104412e+00 -2.14320940e-01
-1.22987138e+00 -1.92504927e-01
-1.21869865e+00 -1.70925942e-01
-1.20752591e+00 -1.49582938e-01
-1.19635317e+00 -1.28474735e-01
-1.18518043e+00 -1.07600027e-01
-1.17400769e+00 -8.69573828e-02
-1.16283495e+00 -6.65452494e-02
-1.15166221e+00 -4.63619598e-02
-1.14048947e+00 -2.64057359e-02
-1.12931673e+00 -6.67469475e-03
-1.11814399e+00 1.28331459e-02
-1.10697125e+00 3.21198613e-02
-1.09579851e+00 5.11876133e-02
-1.08462577e+00 7.00386439e-02
-1.07345303e+00 8.86752688e-02
-1.06228029e+00 1.07099870e-01
-1.05110755e+00 1.25314891e-01
-1.03993481e+00 1.43322828e-01
-1.02876207e+00 1.61126222e-01
-1.01758933e+00 1.78727659e-01
-1.00641659e+00 1.96129755e-01
-9.95243852e-01 2.13335156e-01
-9.84071113e-01 2.30346530e-01
-9.72898373e-01 2.47166560e-01
-9.61725633e-01 2.63797942e-01
-9.50552894e-01 2.80243376e-01
-9.39380154e-01 2.96505564e-01
-9.28207414e-01 3.12587204e-01
-9.17034675e-01 3.28490985e-01
-9.05861935e-01 3.44219586e-01
-8.94689195e-01 3.59775668e-01
-8.83516456e-01 3.75161876e-01
-8.72343716e-01 3.90380829e-01
-8.61170976e-01 4.05435125e-01
-8.49998237e-01 4.20327332e-01
-8.38825497e-01 4.35059989e-01
-8.27652757e-01 4.49635604e-01
-8.16480018e-01 4.64056649e-01
-8.05307278e-01 4.78325565e-01
-7.94134538e-01 4.92444753e-01
-7.82961799e-01 5.06416580e-01
-7.71789059e-01 5.20243373e-01
-7.60616320e-01 5.33927419e-01
-7.49443580e-01 5.47470968e-01
-7.38270840e-01 5.60876230e-01
-7.27098101e-01 5.74145374e-01
-7.15925361e-01 5.87280528e-01
-7.04752621e-01 6.00283783e-01
-6.93579882e-01 6.13157188e-01
-6.82407142e-01 6.25902752e-01
-6.71234402e-01 6.38522447e-01
-6.60061663e-01 6.51018203e-01
-6.48888923e-01 6.63391914e-01
-6.37716183e-01 6.75645435e-01
-6.26543444e-01 6.87780584e-01
-6.15370704e-01 6.99799142e-01
-6.04197964e-01 7.11702854e-01
-5.93025225e-01 7.23493431e-01
-5.81852485e-01 7.35172547e-01
-5.70679746e-01 7.46741843e-01
-5.59507006e-01 7.58202928e-01
-5.48334266e-01 7.69557376e-01
-5.37161527e-01 7.80806732e-01
-5.25988787e-01 7.91952508e-01
-5.14816047e-01 8.02996188e-01
-5.03643308e-01 8.13939223e-01
-4.92470568e-01 8.24783040e-01
-4.81297828e-01 8.35529034e-01
-4.70125089e-01 8.46178576e-01
-4.58952349e-01 8.56733006e-01
-4.47779609e-01 8.67193644e-01
-4.36606870e-01 8.77561780e-01
-4.25434130e-01 8.87838683e-01
-4.14261390e-01 8.98025595e-01
-4.03088651e-01 9.08123737e-01
-3.91915911e-01 9.18134307e-01
-3.80743171e-01 9.28058481e-01
-3.69570432e-01 9.37897414e-01
-3.58397692e-01 9.47652239e-01
-3.47224953e-01 9.57324070e-01
-3.36052213e-01 9.66914001e-01
-3.24879473e-01 9.76423105e-01
-3.13706734e-01 9.85852440e-01
-3.02533994e-01 9.95203042e-01
-2.91361254e-01 1.00447593e+00
-2.80188515e-01 1.01367211e+00
-2.69015775e-01 1.02279257e+00
-2.57843035e-01 1.03183827e+00
-2.46670296e-01 1.04081017e+00
-2.35497556e-01 1.04970921e+00
-2.24324816e-01 1.05853630e+00
-2.13152077e-01 1.06729236e+00
-2.01979337e-01 1.07597827e+00
-1.90806597e-01 1.08459493e+00
-1.79633858e-01 1.09314318e+00
-1.68461118e-01 1.10162388e+00
-1.57288378e-01 1.11003788e+00
-1.46115639e-01 1.11838599e+00
-1.34942899e-01 1.12666902e+00
-1.23770160e-01 1.13488778e+00
-1.12597420e-01 1.14304305e+00
-1.01424680e-01 1.15113561e+00
-9.02519406e-02 1.15916622e+00
-7.90792009e-02 1.16713563e+00
-6.79064613e-02 1.17504459e+00
-5.67337216e-02 1.18289381e+00
-4.55609820e-02 1.19068403e+00
-3.43882423e-02 1.19841596e+00
-2.32155027e-02 1.20609027e+00
-1.20427630e-02 1.21370768e+00
-8.70023370e-04 1.22126885e+00
1.03027163e-02 1.22877445e+00
2.14754559e-02 1.23622514e+00
3.26481956e-02 1.24362157e+00
4.38209352e-02 1.25096437e+00
5.49936749e-02 1.25825419e+00
6.61664145e-02 1.26549163e+00
7.73391542e-02 1.27267732e+00
8.85118938e-02 1.27981185e+00
9.96846335e-02 1.28689582e+00
1.10857373e-01 1.29392981e+00
1.22030113e-01 1.30091441e+00
1.33202852e-01 1.30785019e+00
1.44375592e-01 1.31473771e+00
1.55548332e-01 1.32157752e+00
1.66721071e-01 1.32837016e+00
1.77893811e-01 1.33511619e+00
1.89066551e-01 1.34181613e+00
2.00239290e-01 1.34847049e+00
2.11412030e-01 1.35507981e+00
2.22584770e-01 1.36164460e+00
2.33757509e-01 1.36816534e+00
2.44930249e-01 1.37464254e+00
2.56102989e-01 1.38107669e+00
2.67275728e-01 1.38746828e+00
2.78448468e-01 1.39381776e+00
2.89621208e-01 1.40012562e+00
3.00793947e-01 1.40639232e+00
3.11966687e-01 1.41261832e+00
3.23139426e-01 1.41880405e+00
3.34312166e-01 1.42494998e+00
3.45484906e-01 1.43105653e+00
3.56657645e-01 1.43712414e+00
3.67830385e-01 1.44315323e+00
3.79003125e-01 1.44914423e+00
3.90175864e-01 1.45509755e+00
4.01348604e-01 1.46101359e+00
4.12521344e-01 1.46689276e+00
4.23694083e-01 1.47273547e+00
4.34866823e-01 1.47854209e+00
4.46039563e-01 1.48431303e+00
4.57212302e-01 1.49004865e+00
4.68385042e-01 1.49574935e+00
4.79557782e-01 1.50141548e+00
4.90730521e-01 1.50704742e+00
5.01903261e-01 1.51264554e+00
5.13076001e-01 1.51821017e+00
5.24248740e-01 1.52374169e+00
5.35421480e-01 1.52924043e+00
5.46594219e-01 1.53470675e+00
5.57766959e-01 1.54014097e+00
5.68939699e-01 1.54554343e+00
5.80112438e-01 1.55091447e+00
5.91285178e-01 1.55625440e+00
6.02457918e-01 1.56156355e+00
6.13630657e-01 1.56684224e+00
6.24803397e-01 1.57209077e+00
6.35976137e-01 1.57730946e+00
6.47148876e-01 1.58249860e+00
6.58321616e-01 1.58765851e+00
6.69494356e-01 1.59278948e+00
6.80667095e-01 1.59789179e+00
6.91839835e-01 1.60296574e+00
7.03012575e-01 1.60801162e+00
7.14185314e-01 1.61302970e+00
7.25358054e-01 1.61802026e+00
7.36530794e-01 1.62298357e+00
7.47703533e-01 1.62791991e+00
7.58876273e-01 1.63282954e+00
7.70049012e-01 1.63771273e+00
7.81221752e-01 1.64256974e+00
7.92394492e-01 1.64740081e+00
8.03567231e-01 1.65220622e+00
8.14739971e-01 1.65698619e+00
8.25912711e-01 1.66174099e+00
8.37085450e-01 1.66647086e+00
8.48258190e-01 1.67117603e+00
8.59430930e-01 1.67585675e+00
8.70603669e-01 1.68051325e+00
8.81776409e-01 1.68514575e+00
8.92949149e-01 1.68975450e+00
9.04121888e-01 1.69433970e+00
9.15294628e-01 1.69890160e+00
9.26467368e-01 1.70344040e+00
9.37640107e-01 1.70795633e+00
9.48812847e-01 1.71244959e+00
9.59985587e-01 1.71692041e+00
9.71158326e-01 1.72136898e+00
9.82331066e-01 1.72579552e+00
9.93503805e-01 1.73020023e+00
1.00467655e+00 1.73458330e+00
1.01584928e+00 1.73894495e+00
1.02702202e+00 1.74328537e+00
1.03819476e+00 1.74760474e+00
1.04936750e+00 1.75190327e+00
1.06054024e+00 1.75618113e+00
1.07171298e+00 1.76043853e+00
1.08288572e+00 1.76467563e+00
1.09405846e+00 1.76889263e+00
1.10523120e+00 1.77308970e+00
1.11640394e+00 1.77726703e+00
1.12757668e+00 1.78142478e+00
1.13874942e+00 1.78556313e+00
1.14992216e+00 1.78968225e+00
1.16109490e+00 1.79378232e+00
1.17226764e+00 1.79786349e+00
1.18344038e+00 1.80192594e+00
1.19461312e+00 1.80596983e+00
1.20578586e+00 1.80999531e+00
1.21695860e+00 1.81400256e+00
1.22813134e+00 1.81799171e+00
1.23930408e+00 1.82196294e+00
1.25047682e+00 1.82591640e+00
1.26164956e+00 1.82985223e+00
1.27282230e+00 1.83377058e+00
1.28399504e+00 1.83767162e+00
1.29516778e+00 1.84155547e+00
1.30634052e+00 1.84542229e+00
1.31751326e+00 1.84927222e+00
1.32868599e+00 1.85310540e+00
1.33985873e+00 1.85692197e+00
1.35103147e+00 1.86072207e+00
1.36220421e+00 1.86450583e+00
1.37337695e+00 1.86827340e+00
1.38454969e+00 1.87202490e+00
1.39572243e+00 1.87576047e+00
1.40689517e+00 1.87948023e+00
1.41806791e+00 1.88318432e+00
1.42924065e+00 1.88687285e+00
1.44041339e+00 1.89054597e+00
1.45158613e+00 1.89420379e+00
1.46275887e+00 1.89784644e+00
1.47393161e+00 1.90147403e+00
1.48510435e+00 1.90508670e+00
1.49627709e+00 1.90868454e+00
1.50744983e+00 1.91226770e+00
