        11.5      9.73938
 6.28319e-06  0.000216065     6.28364e-06  0.000216071
 6.44026e-06  0.000236411     6.44077e-06  0.000236419
 6.60127e-06  0.000258613     6.60184e-06  0.000258623
  6.7663e-06  0.000282832     6.76694e-06  0.000282844
 6.93546e-06  0.000309243     6.93618e-06  0.000309257
 7.10885e-06  0.000338036     7.10965e-06  0.000338053
 7.28657e-06  0.000369415     7.28747e-06  0.000369435
 7.46873e-06  0.000403601     7.46974e-06  0.000403625
 7.65545e-06  0.000440833     7.65658e-06  0.000440861
 7.84684e-06  0.000481367      7.8481e-06  0.000481402
 8.04301e-06  0.000525482     8.04442e-06  0.000525523
 8.24408e-06  0.000573475     8.24566e-06  0.000573525
 8.45019e-06  0.000625669     8.45195e-06  0.000625728
 8.66144e-06  0.000682408     8.66341e-06  0.000682478
 8.87798e-06  0.000744065     8.88018e-06  0.000744148
 9.09993e-06  0.000811036     9.10239e-06  0.000811136
 9.32742e-06  0.000883751     9.33017e-06  0.000883869
 9.56061e-06  0.000962666     9.56368e-06  0.000962807
 9.79962e-06   0.00104827     9.80305e-06   0.00104844
 1.00446e-05   0.00114109     1.00484e-05   0.00114129
 1.02957e-05   0.00124168        1.03e-05   0.00124192
 1.05531e-05   0.00135064     1.05579e-05   0.00135093
  1.0817e-05   0.00146861     1.08222e-05   0.00146894
 1.10874e-05   0.00159625     1.10933e-05   0.00159665
 1.13646e-05   0.00173429     1.13711e-05   0.00173476
 1.16487e-05   0.00188347      1.1656e-05   0.00188403
 1.19399e-05   0.00204461      1.1948e-05   0.00204528
 1.22384e-05   0.00221856     1.22474e-05   0.00221934
 1.25443e-05    0.0024062     1.25544e-05   0.00240712
  1.2858e-05   0.00260847     1.28691e-05   0.00260956
 1.31794e-05   0.00282636     1.31918e-05   0.00282764
 1.35089e-05    0.0030609     1.35227e-05   0.00306241
 1.38466e-05   0.00331317     1.38619e-05   0.00331495
 1.41928e-05   0.00358429     1.42097e-05   0.00358639
 1.45476e-05   0.00387543     1.45664e-05   0.00387789
 1.49113e-05    0.0041878     1.49321e-05    0.0041907
 1.52841e-05   0.00452267     1.53071e-05   0.00452607
 1.56662e-05   0.00488134     1.56916e-05   0.00488531
 1.60578e-05   0.00526514      1.6086e-05   0.00526979
 1.64593e-05   0.00567546     1.64904e-05    0.0056809
 1.68708e-05   0.00611374     1.69051e-05   0.00612009
 1.72925e-05   0.00658145     1.73304e-05   0.00658885
 1.77248e-05    0.0070801     1.77666e-05   0.00708873
  1.8168e-05   0.00761128      1.8214e-05   0.00762132
 1.86222e-05   0.00817661     1.86728e-05   0.00818827
 1.90877e-05   0.00877776     1.91435e-05    0.0087913
 1.95649e-05   0.00941651     1.96262e-05    0.0094322
  2.0054e-05    0.0100947     2.01214e-05    0.0101128
 2.05554e-05    0.0108142     2.06293e-05    0.0108352
 2.10693e-05    0.0115771     2.11504e-05    0.0116013
  2.1596e-05    0.0123855      2.1685e-05    0.0124135
 2.21359e-05    0.0132416     2.22334e-05    0.0132739
 2.26893e-05    0.0141479     2.27961e-05     0.014185
 2.32565e-05    0.0151069     2.33734e-05    0.0151496
 2.38379e-05    0.0161212     2.39657e-05    0.0161704
 2.44339e-05    0.0171939     2.45736e-05    0.0172504
 2.50447e-05    0.0183279     2.51973e-05    0.0183928
 2.56708e-05    0.0195266     2.58375e-05     0.019601
 2.63126e-05    0.0207933     2.64945e-05    0.0208785
 2.69704e-05    0.0221316     2.71688e-05    0.0222294
 2.76447e-05    0.0235456      2.7861e-05    0.0236575
 2.83358e-05    0.0250391     2.85716e-05    0.0251673
 2.90442e-05    0.0266165      2.9301e-05    0.0267633
 2.97703e-05    0.0282821       3.005e-05    0.0284501
 3.05146e-05    0.0300407      3.0819e-05    0.0302329
 3.12774e-05    0.0318971     3.16088e-05    0.0321169
 3.20594e-05    0.0338562     3.24198e-05    0.0341076
 3.28609e-05    0.0359233     3.32528e-05    0.0362108
 3.36824e-05    0.0381037     3.41085e-05    0.0384323
 3.45244e-05    0.0404029     3.49875e-05    0.0407785
 3.53875e-05    0.0428267     3.58906e-05    0.0432558
 3.62722e-05    0.0453808     3.68186e-05     0.045871
  3.7179e-05    0.0480713     3.77722e-05    0.0486311
 3.81085e-05    0.0509043     3.87523e-05    0.0515432
 3.90612e-05    0.0538861     3.97598e-05     0.054615
 4.00378e-05    0.0570231     4.07954e-05    0.0578542
 4.10387e-05    0.0603219     4.18603e-05    0.0612688
 4.20647e-05    0.0637892     4.29552e-05    0.0648672
 4.31163e-05    0.0674318     4.40813e-05     0.068658
 4.41942e-05    0.0712566     4.52395e-05      0.07265
 4.52991e-05    0.0752708      4.6431e-05    0.0768524
 4.64315e-05    0.0794813     4.76568e-05    0.0812746
 4.75923e-05    0.0838957     4.89182e-05    0.0859265
 4.87821e-05    0.0885211     5.02163e-05     0.090818
 5.00017e-05    0.0933652     5.15525e-05    0.0959596
 5.12517e-05    0.0984355      5.2928e-05     0.101362
  5.2533e-05      0.10374     5.43442e-05     0.107036
 5.38463e-05     0.109285     5.58025e-05     0.112994
 5.51925e-05     0.115081     5.73045e-05     0.119248
 5.65723e-05     0.121133     5.88517e-05     0.125809
 5.79866e-05     0.127451     6.04456e-05     0.132691
 5.94363e-05     0.134042     6.20881e-05     0.139908
 6.09222e-05     0.140915     6.37808e-05     0.147473
 6.24452e-05     0.148077     6.55255e-05     0.155402
 6.40064e-05     0.155536     6.73243e-05      0.16371
 6.56065e-05     0.163302      6.9179e-05     0.172414
 6.72467e-05     0.171381     7.10918e-05     0.181531
 6.89279e-05     0.179783     7.30648e-05     0.191078
 7.06511e-05     0.188515     7.51004e-05     0.201076
 7.24173e-05     0.197586     7.72009e-05     0.211545
 7.42278e-05     0.207004     7.93688e-05     0.222506
 7.60835e-05     0.216777     8.16068e-05     0.233982
 7.79855e-05     0.226913     8.39176e-05     0.245998
 7.99352e-05     0.237421     8.63041e-05      0.25858
 8.19336e-05     0.248308     8.87694e-05     0.271756
 8.39819e-05     0.259582     9.13165e-05     0.285555
 8.60815e-05     0.271252     9.39489e-05     0.300009
 8.82335e-05     0.283325     9.66701e-05     0.315152
 9.04393e-05      0.29581     9.94838e-05     0.331022
 9.27003e-05     0.308713     0.000102394     0.347658
 9.50178e-05     0.322044     0.000105405     0.365102
 9.73933e-05     0.335809      0.00010852     0.383402
 9.98281e-05     0.350015     0.000111746     0.402607
 0.000102324     0.364671     0.000115086     0.422774
 0.000104882     0.379784     0.000118546     0.443961
 0.000107504      0.39536     0.000122131     0.466236
 0.000110192     0.411408     0.000125848      0.48967
 0.000112946     0.427933     0.000129702     0.514343
  0.00011577     0.444944     0.000133701     0.540344
 0.000118664     0.462446     0.000137852      0.56777
 0.000121631     0.480447     0.000142163     0.596731
 0.000124672     0.498953     0.000146643     0.627349
 0.000127788      0.51797       0.0001513     0.659759
 0.000130983     0.537505     0.000156146     0.694116
 0.000134258     0.557564      0.00016119     0.730592
 0.000137614     0.578153     0.000166445     0.769384
 0.000141054     0.599278     0.000171924     0.810715
 0.000144581     0.620946     0.000177642     0.854838
 0.000148195     0.643161     0.000183615     0.902045
   0.0001519     0.665929      0.00018986     0.952668
 0.000155698     0.689257     0.000196398      1.00709
  0.00015959     0.713149     0.000203251      1.06576
  0.00016358     0.737611     0.000210443      1.12918
 0.000167669     0.762648     0.000218002      1.19795
 0.000171861     0.788266     0.000225958      1.27275
 0.000176158     0.814469     0.000234349      1.35441
 0.000180562     0.841263     0.000243211      1.44384
 0.000185076     0.868652     0.000252591      1.54216
 0.000189703     0.896642     0.000262537      1.65065
 0.000194445     0.925238     0.000273107      1.77081
 0.000199306     0.954444     0.000284364      1.90442
 0.000204289     0.984264     0.000296378      2.05355
 0.000209396      1.01471     0.000309231      2.22063
 0.000214631      1.04577     0.000323009      2.40853
 0.000219997      1.07746     0.000337813      2.62061
 0.000225497      1.10979     0.000353752       2.8608
 0.000231134      1.14276     0.000370947      3.13372
 0.000236913      1.17637     0.000389528      3.44478
 0.000242835      1.21063     0.000409639      3.80028
 0.000248906      1.24554     0.000431434      4.20758
 0.000255129      1.28111      0.00045508      4.67524
 0.000261507      1.31733     0.000480752      5.21317
 0.000268045      1.35423     0.000508637      5.83283
 0.000274746       1.3918     0.000538928      6.54741
 0.000281615      1.43004     0.000571827        7.372
 0.000288655      1.46896     0.000607543       8.3238
 0.000295871      1.50857     0.000646285      9.42228
 0.000303268      1.54887     0.000688266      10.6893
  0.00031085      1.58987     0.000733699      12.1493
 0.000318621      1.63156      0.00078279       13.829
 0.000326587      1.67397     0.000835742       15.758
 0.000334751      1.71708     0.000892746      17.9678
  0.00034312       1.7609     0.000953978       20.492
 0.000351698      1.80545       0.0010196      23.3656
  0.00036049      1.85072      0.00108974      26.6243
 0.000369503      1.89672      0.00116452      30.3033
  0.00037874      1.94346      0.00124402      34.4368
 0.000388209      1.99094      0.00132827      39.0559
 0.000397914      2.03917       0.0014173      44.1875
 0.000407862      2.08815      0.00151107       49.853
 0.000418058      2.13788      0.00160952      56.0664
  0.00042851      2.18838      0.00171255      62.8333
 0.000439223      2.23965      0.00182002        70.15
 0.000450203      2.29169      0.00193178      78.0031
 0.000461458      2.34451      0.00204763      86.3695
 0.000472995      2.39812      0.00216741      95.2176
  0.00048482      2.45252      0.00229091      104.508
  0.00049694      2.50771      0.00241796      114.196
 0.000509364      2.56371      0.00254839      124.232
 0.000522098      2.62051      0.00268207      134.568
  0.00053515      2.67813       0.0028189      145.155
 0.000548529      2.73657      0.00295881      155.946
 0.000562242      2.79583      0.00310177      166.903
 0.000576298      2.85593      0.00324779      177.988
 0.000590706      2.91686      0.00339694      189.174
 0.000605473      2.97863      0.00354931       200.44
  0.00062061      3.04125        0.003705       211.77
 0.000636125      3.10473      0.00386419      223.155
 0.000652028      3.16906      0.00402705      234.592
 0.000668329      3.23426      0.00419378      246.084
 0.000685037      3.30033      0.00436459      257.636
 0.000702163      3.36727      0.00453973      269.256
 0.000719717       3.4351      0.00471943      280.956
  0.00073771      3.50381      0.00490394      292.751
 0.000756153      3.57342      0.00509354      304.654
 0.000775057      3.64392      0.00528847       316.68
 0.000794433      3.71533      0.00548902      328.846
 0.000814294      3.78764      0.00569544      341.168
 0.000834652      3.86087      0.00590803       353.66
 0.000855518      3.93501      0.00612705       366.34
 0.000876906      4.01007       0.0063528      379.221
 0.000898828      4.08607      0.00658554      392.318
 0.000921299      4.16299      0.00682557      405.645
 0.000944332      4.24085      0.00707319      419.215
  0.00096794      4.31966      0.00732868      433.042
 0.000992138       4.3994      0.00759234      447.136
  0.00101694       4.4801      0.00786448      461.511
  0.00104237      4.56175      0.00814541      476.176
  0.00106842      4.64436      0.00843544      491.143
  0.00109514      4.72793      0.00873489      506.422
  0.00112251      4.81247      0.00904409      522.022
  0.00115058      4.89798      0.00936338      537.954
  0.00117934      4.98446      0.00969309      554.225
  0.00120882      5.07191       0.0100336      570.846
  0.00123904      5.16035       0.0103852      587.824
  0.00127002      5.24976       0.0107484      605.168
  0.00130177      5.34017       0.0111234      622.886
  0.00133432      5.43156       0.0115107      640.986
  0.00136767      5.52394       0.0119106      659.476
  0.00140187      5.61732       0.0123237      678.363
  0.00143691       5.7117       0.0127502      697.655
  0.00147284      5.80707       0.0131907      717.361
  0.00150966      5.90344       0.0136456      737.486
   0.0015474      6.00082       0.0141153      758.038
  0.00158608      6.09921       0.0146003      779.026
  0.00162573       6.1986       0.0151011      800.455
  0.00166638        6.299       0.0156182      822.333
  0.00170804      6.40042       0.0161522      844.668
  0.00175074      6.50284       0.0167034      867.467
  0.00179451      6.60628       0.0172726      890.736
  0.00183937      6.71074       0.0178602      914.484
  0.00188535      6.81621       0.0184668      938.716
  0.00193249       6.9227        0.019093      963.442
   0.0019808      7.03021       0.0197395      988.667
  0.00203032      7.13874       0.0204069       1014.4
  0.00208108      7.24829       0.0210957      1040.64
   0.0021331      7.35886       0.0218068      1067.41
  0.00218643      7.47045       0.0225407      1094.71
  0.00224109      7.58306       0.0232982      1122.54
  0.00229712       7.6967       0.0240801      1150.92
  0.00235455      7.81136        0.024887      1179.85
  0.00241341      7.92704       0.0257197      1209.33
  0.00247375      8.04375       0.0265791      1239.38
  0.00253559      8.16147        0.027466      1270.01
  0.00259898      8.28023       0.0283812      1301.21
  0.00266396          8.4       0.0293255         1333
  0.00273055       8.5208          0.0303      1365.39
  0.00279882      8.64261       0.0313055      1398.39
  0.00286879      8.76545       0.0323429      1431.99
  0.00294051      8.88932       0.0334133      1466.21
  0.00301402       9.0142       0.0345177      1501.06
  0.00308937       9.1401       0.0356571      1536.54
  0.00316661      9.26702       0.0368325      1572.67
  0.00324577      9.39496       0.0380452      1609.44
  0.00332691      9.52392       0.0392961      1646.87
  0.00341009       9.6539       0.0405865      1684.97
  0.00349534      9.78489       0.0419176      1723.73
  0.00358272       9.9169       0.0432907      1763.18
  0.00367229      10.0499       0.0447069      1803.32
   0.0037641       10.184       0.0461677      1844.15
   0.0038582       10.319       0.0476744      1885.69
  0.00395466      10.4551       0.0492283      1927.94
  0.00405352      10.5921       0.0508309      1970.91
  0.00415486      10.7302       0.0524838       2014.6
  0.00425873      10.8693       0.0541883      2059.04
   0.0043652      11.0094       0.0559461      2104.21
  0.00447433      11.1505       0.0577587      2150.14
  0.00458619      11.2926       0.0596279      2196.83
  0.00470084      11.4357       0.0615554      2244.28
  0.00481836      11.5798       0.0635429      2292.51
  0.00493882      11.7249       0.0655921      2341.53
  0.00506229      11.8711       0.0677051      2391.33
  0.00518885      12.0182       0.0698836      2441.94
  0.00531857      12.1663       0.0721297      2493.35
  0.00545154      12.3154       0.0744454      2545.58
  0.00558783      12.4655       0.0768328      2598.63
  0.00572752      12.6166        0.079294      2652.52
  0.00587071      12.7686       0.0818313      2707.24
  0.00601748      12.9217       0.0844469      2762.81
  0.00616791      13.0758       0.0871432      2819.24
  0.00632211      13.2308       0.0899226      2876.53
  0.00648016      13.3868       0.0927875      2934.69
  0.00664217      13.5438       0.0957406      2993.74
  0.00680822      13.7018       0.0987844      3053.67
  0.00697843      13.8608        0.101922       3114.5
  0.00715289      14.0208        0.105155      3176.23
  0.00733171      14.1817        0.108488      3238.87
    0.007515      14.3436        0.111923      3302.44
  0.00770288      14.5065        0.115462      3366.93
  0.00789545      14.6703        0.119111      3432.36
  0.00809284      14.8352         0.12287      3498.74
  0.00829516       15.001        0.126744      3566.06
  0.00850254      15.1678        0.130737      3634.35
   0.0087151      15.3355        0.134851      3703.61
  0.00893298      15.5042         0.13909      3773.84
   0.0091563      15.6739        0.143458      3845.06
  0.00938521      15.8445        0.147959      3917.28
  0.00961984      16.0161        0.152597      3990.49
  0.00986034      16.1887        0.157376      4064.71
   0.0101068      16.3622        0.162299      4139.96
   0.0103595      16.5367        0.167372      4216.22
   0.0106185      16.7122        0.172598      4293.52
    0.010884      16.8886        0.177982      4371.86
   0.0111561       17.066        0.183529      4451.26
    0.011435      17.2443        0.189243      4531.71
   0.0117208      17.4236         0.19513      4613.22
   0.0120139      17.6038        0.201195      4695.81
   0.0123142       17.785        0.207442      4779.48
   0.0126221      17.9671        0.213878      4864.24
   0.0129376      18.1502        0.220507       4950.1
   0.0132611      18.3342        0.227335      5037.07
   0.0135926      18.5192        0.234368      5125.15
   0.0139324      18.7051        0.241613      5214.35
   0.0142807       18.892        0.249075      5304.69
   0.0146377      19.0798        0.256761      5396.16
   0.0150037      19.2686        0.264677      5488.78
   0.0153788      19.4583         0.27283      5582.55
   0.0157632      19.6489        0.281226      5677.49
   0.0161573      19.8405        0.289874       5773.6
   0.0165612       20.033         0.29878      5870.89
   0.0169753      20.2265        0.307952      5969.36
   0.0173997      20.4209        0.317398      6069.03
   0.0178346      20.6163        0.327125      6169.91
   0.0182805      20.8125        0.337142      6271.99
   0.0187375      21.0098        0.347458       6375.3
    0.019206      21.2079         0.35808      6479.83
   0.0196861       21.407        0.369018       6585.6
   0.0201783       21.607        0.380281      6692.61
   0.0206827       21.808        0.391878      6800.88
   0.0211998      22.0099        0.403819      6910.41
   0.0217298      22.2127        0.416115       7021.2
    0.022273      22.4164        0.428775      7133.27
   0.0228299      22.6211         0.44181      7246.63
   0.0234006      22.8267         0.45523      7361.28
   0.0239856      23.0333        0.469048      7477.23
   0.0245853      23.2407        0.483274      7594.49
   0.0251999      23.4491         0.49792      7713.07
   0.0258299      23.6585        0.512999      7832.97
   0.0264756      23.8687        0.528523      7954.21
   0.0271375      24.0799        0.544504      8076.79
    0.027816       24.292        0.560956      8200.72
   0.0285114       24.505        0.577893         8326
   0.0292241       24.719        0.595329      8452.66
   0.0299547      24.9339        0.613277      8580.69
   0.0307036      25.1497        0.631753       8710.1
   0.0314712      25.3664        0.650772      8840.91
    0.032258      25.5841        0.670349      8973.12
   0.0330644      25.8026        0.690501      9106.73
   0.0338911      26.0221        0.711245      9241.76
   0.0347383      26.2426        0.732596      9378.22
   0.0356068      26.4639        0.754573       9516.1
    0.036497      26.6862        0.777193      9655.43
   0.0374094      26.9094        0.800475      9796.21
   0.0383446      27.1335        0.824439      9938.45
   0.0393032      27.3585        0.849103      10082.2
   0.0402858      27.5844        0.874488      10227.3
    0.041293      27.8113        0.900614        10374
   0.0423253      28.0391        0.927503      10522.2
   0.0433834      28.2678        0.955176      10671.8
    0.044468      28.4974        0.983656        10823
   0.0455797      28.7279         1.01297      10975.7
   0.0467192      28.9594         1.04313      11129.9
   0.0478872      29.1918         1.07417      11285.6
   0.0490843      29.4251         1.10612      11442.9
   0.0503115      29.6593         1.13899      11601.7
   0.0515692      29.8944         1.17282      11762.1
   0.0528585      30.1304         1.20763      11924.1
   0.0541799      30.3674         1.24346      12087.6
   0.0555344      30.6053         1.28032      12252.7
   0.0569228      30.8441         1.31825      12419.4
   0.0583459      31.0838         1.35728      12587.8
   0.0598045      31.3244         1.39745      12757.7
   0.0612996       31.566         1.43878      12929.2
   0.0628321      31.8084          1.4813      13102.4
   0.0644029      32.0518         1.52505      13277.2
    0.066013      32.2961         1.57007      13453.7
   0.0676633      32.5413          1.6164      13631.8
   0.0693549      32.7874         1.66406      13811.5
   0.0710888      33.0344          1.7131        13993
    0.072866      33.2824         1.76355      14176.1
   0.0746876      33.5313         1.81546      14360.9
   0.0765548       33.781         1.86887      14547.4
   0.0784687      34.0317         1.92381      14735.7
   0.0804304      34.2833         1.98034      14925.6
   0.0824412      34.5359          2.0385      15117.2
   0.0845022      34.7893         2.09834      15310.6
   0.0866148      35.0436         2.15989      15505.7
   0.0887801      35.2989         2.22322      15702.6
   0.0909996      35.5551         2.28837      15901.3
   0.0932746      35.8122         2.35539      16101.7
   0.0956065      36.0702         2.42434      16303.8
   0.0979967      36.3291         2.49526      16507.8
    0.100447      36.5889         2.56823      16713.6
    0.102958      36.8497         2.64329      16921.1
    0.105532      37.1114          2.7205      17130.5
     0.10817      37.3739         2.79992      17341.7
    0.110874      37.6374         2.88162      17554.7
    0.113646      37.9018         2.96566      17769.6
    0.116487      38.1671         3.05211      17986.3
    0.119399      38.4334         3.14104      18204.9
    0.122384      38.7005          3.2325      18425.3
    0.125444      38.9686         3.32659      18647.6
     0.12858      39.2375         3.42336      18871.8
    0.131795      39.5074          3.5229      19097.9
    0.135089      39.7782         3.62529      19325.9
    0.138467      40.0499          3.7306      19555.8
    0.141928      40.3226         3.83891      19787.7
    0.145477      40.5961         3.95032      20021.4
    0.149113      40.8706          4.0649      20257.1
    0.152841      41.1459         4.18275      20494.8
    0.156662      41.4222         4.30396      20734.4
    0.160579      41.6994         4.42863      20975.9
    0.164593      41.9775         4.55684      21219.5
    0.168708      42.2565         4.68871        21465
    0.172926      42.5365         4.82433      21712.5
    0.177249      42.8173         4.96381        21962
     0.18168      43.0991         5.10725      22213.6
    0.186222      43.3818         5.25478      22467.1
    0.190878      43.6653         5.40649      22722.7
     0.19565      43.9498         5.56252      22980.4
    0.200541      44.2353         5.72298      23240.1
    0.205555      44.5216         5.88799      23501.8
    0.210693      44.8088         6.05769      23765.6
    0.215961       45.097          6.2322      24031.5
     0.22136      45.3861         6.41166      24299.5
    0.226894      45.6761         6.59621      24569.6
    0.232566       45.967         6.78599      24841.8
     0.23838      46.2588         6.98115      25116.1
     0.24434      46.5515         7.18183      25392.5
    0.250448      46.8451         7.38819      25671.1
     0.25671      47.1397          7.6004      25951.8
    0.263127      47.4352         7.81861      26234.6
    0.269705      47.7316         8.04299      26519.6
    0.276448      48.0289         8.27372      26806.8
    0.283359      48.3271         8.51097      27096.2
    0.290443      48.6262         8.75492      27387.8
    0.297704      48.9262         9.00577      27681.6
    0.305147      49.2272         9.26369      27977.6
    0.312776      49.5291          9.5289      28275.8
    0.320595      49.8319          9.8016      28576.2
     0.32861      50.1356          10.082      28878.9
    0.336825      50.4402         10.3703      29183.8
    0.345246      50.7457         10.6667        29491
    0.353877      51.0522         10.9715      29800.5
    0.362724      51.3595         11.2848      30112.2
    0.371792      51.6678          11.607      30426.3
    0.381087       51.977         11.9383      30742.6
    0.390614      52.2871         12.2789      31061.2
    0.400379      52.5981          12.629      31382.2
    0.410389        52.91         12.9891      31705.5
    0.420648      53.2229         13.3592      32031.1
    0.431165      53.5366         13.7398      32359.1
    0.441944      53.8513          14.131      32689.4
    0.452992      54.1669         14.5333      33022.1
    0.464317      54.4834         14.9468      33357.2
    0.475925      54.8009          15.372      33694.7
    0.487823      55.1192         15.8091      34034.5
    0.500019      55.4384         16.2584      34376.8
    0.512519      55.7586         16.7204      34721.5
    0.525332      56.0797         17.1954      35068.6
    0.538466      56.4017         17.6836      35418.2
    0.551927      56.7246         18.1855      35770.2
    0.565725      57.0485         18.7015      36124.6
    0.579869      57.3732          19.232      36481.6
    0.594365      57.6989         19.7773        36841
    0.609224      58.0255         20.3379      37202.8
    0.624455       58.353         20.9142      37567.2
    0.640066      58.6814         21.5066      37934.1
    0.656068      59.0107         22.1156      38303.5
     0.67247      59.3409         22.7416      38675.5
    0.689281      59.6721         23.3852        39050
    0.706514      60.0042         24.0467        39427
    0.724176      60.3372         24.7267      39806.6
    0.742281      60.6711         25.4257      40188.7
    0.760838      61.0059         26.1443      40573.5
    0.779859      61.3416         26.8829      40960.8
    0.799355      61.6783         27.6421      41350.7
    0.819339      62.0159         28.4225      41743.2
    0.839823      62.3544         29.2247      42138.4
    0.860818      62.6938         30.0493      42536.2
    0.882339      63.0341         30.8969      42936.6
    0.904397      63.3753         31.7681      43339.6
    0.927007      63.7175         32.6636      43745.4
    0.950182      64.0606          33.584      44153.8
    0.973937      64.4046         34.5301      44564.8
    0.998285      64.7495         35.5026      44978.6
     1.02324      65.0953         36.5021      45395.1
     1.04882       65.442         37.5295      45814.3
     1.07504      65.7897         38.5854      46236.2
     1.10192      66.1383         39.6708      46660.8
     1.12947      66.4878         40.7863      47088.2
      1.1577      66.8382         41.9329      47518.3
     1.18665      67.1895         43.1113      47951.2
     1.21631      67.5417         44.3225      48386.9
     1.24672      67.8949         45.5674      48825.3
     1.27789       68.249         46.8468      49266.6
     1.30984       68.604         48.1618      49710.6
     1.34258      68.9599         49.5134      50157.5
     1.37615      69.3167         50.9024      50607.2
     1.41055      69.6744           52.33      51059.7
     1.44581      70.0331         53.7973      51515.1
     1.48196      70.3927         55.3052      51973.4
     1.51901      70.7532          56.855      52434.5
     1.55698      71.1146         58.4478      52898.5
     1.59591      71.4769         60.0847      53365.3
     1.63581      71.8402          61.767      53835.1
      1.6767      72.2043         63.4959      54307.8
     1.71862      72.5694         65.2728      54783.4
     1.76158      72.9354         67.0988      55261.9
     1.80562      73.3023         68.9754      55743.4
     1.85076      73.6702          70.904      56227.9
     1.89703      74.0389          72.886      56715.3
     1.94446      74.4086         74.9229      57205.6
     1.99307      74.7792         77.0161        57699
      2.0429      75.1507         79.1672      58195.3
     2.09397      75.5231         81.3778      58694.7
     2.14632      75.8965         83.6495      59197.1
     2.19998      76.2707         85.9841      59702.5
     2.25498      76.6459         88.3832      60210.9
     2.31135       77.022         90.8486      60722.4
     2.36914       77.399         93.3821        61237
     2.42836       77.777         95.9855      61754.6
     2.48907      78.1558         98.6609      62275.3
      2.5513      78.5356          101.41      62799.1
     2.61508      78.9163         104.235        63326
     2.68046      79.2979         107.138        63856
     2.74747      79.6804         110.122      64389.1
     2.81616      80.0639         113.187      64925.4
     2.88656      80.4482         116.337      65464.8
     2.95873      80.8335         119.574      66007.4
     3.03269      81.2197           122.9      66553.1
     3.10851      81.6068         126.318        67102
     3.18622      81.9948          129.83      67654.1
     3.26588      82.3838         133.439      68209.5
     3.34753      82.7737         137.148        68768
     3.43121      83.1645         140.958      69329.7
     3.51699      83.5562         144.873      69894.7
     3.60492      83.9488         148.897      70462.9
     3.69504      84.3423          153.03      71034.4
     3.78742      84.7368         157.278      71609.1
      3.8821      85.1322         161.643      72187.2
     3.97916      85.5285         166.127      72768.5
     4.07864      85.9257         170.735      73353.1
      4.1806      86.3238          175.47        73941
     4.28512      86.7229         180.335      74532.2
     4.39224      87.1229         185.333      75126.8
     4.50205      87.5238         190.469      75724.7
      4.6146      87.9256         195.746        76326
     4.72997      88.3283         201.168      76930.6
     4.84822      88.7319         206.739      77538.6
     4.96942      89.1365         212.463        78150
     5.09366       89.542         218.345      78764.8
       5.221      89.9484         224.387        79383
     5.35152      90.3557         230.596      80004.6
     5.48531       90.764         236.974      80629.7
     5.62244      91.1731         243.528      81258.2
     5.76301      91.5832         250.262      81890.2
     5.90708      91.9942          257.18      82525.6
     6.05476      92.4061         264.288      83164.5
     6.20613       92.819         271.591      83806.8
