-8.98190122e+00 -1.91424625e-01
-8.97104960e+00 -1.94208145e-01
-8.96019798e+00 -1.97032910e-01
-8.94934636e+00 -1.99899545e-01
-8.93849474e+00 -2.02808681e-01
-8.92764312e+00 -2.05760962e-01
-8.91679150e+00 -2.08757039e-01
-8.90593988e+00 -2.11797576e-01
-8.89508826e+00 -2.14883244e-01
-8.88423664e+00 -2.18014727e-01
-8.87338503e+00 -2.21192718e-01
-8.86253341e+00 -2.24417923e-01
-8.85168179e+00 -2.27691055e-01
-8.84083017e+00 -2.31012841e-01
-8.82997855e+00 -2.34384018e-01
-8.81912693e+00 -2.37805336e-01
-8.80827531e+00 -2.41277554e-01
-8.79742369e+00 -2.44801444e-01
-8.78657207e+00 -2.48377792e-01
-8.77572045e+00 -2.52007392e-01
-8.76486883e+00 -2.55691053e-01
-8.75401721e+00 -2.59429597e-01
-8.74316559e+00 -2.63223856e-01
-8.73231397e+00 -2.67074678e-01
-8.72146236e+00 -2.70982921e-01
-8.71061074e+00 -2.74949460e-01
-8.69975912e+00 -2.78975180e-01
-8.68890750e+00 -2.83060982e-01
-8.67805588e+00 -2.87207779e-01
-8.66720426e+00 -2.91416501e-01
-8.65635264e+00 -2.95688089e-01
-8.64550102e+00 -3.00023501e-01
-8.63464940e+00 -3.04423710e-01
-8.62379778e+00 -3.08889702e-01
-8.61294616e+00 -3.13422479e-01
-8.60209454e+00 -3.18023061e-01
-8.59124292e+00 -3.22692481e-01
-8.58039131e+00 -3.27431788e-01
-8.56953969e+00 -3.32242049e-01
-8.55868807e+00 -3.37124347e-01
-8.54783645e+00 -3.42079782e-01
-8.53698483e+00 -3.47109469e-01
-8.52613321e+00 -3.52214543e-01
-8.51528159e+00 -3.57396156e-01
-8.50442997e+00 -3.62655477e-01
-8.49357835e+00 -3.67993693e-01
-8.48272673e+00 -3.73412012e-01
-8.47187511e+00 -3.78911657e-01
-8.46102349e+00 -3.84493873e-01
-8.45017187e+00 -3.90159923e-01
-8.43932025e+00 -3.95911090e-01
-8.42846864e+00 -4.01748678e-01
-8.41761702e+00 -4.07674008e-01
-8.40676540e+00 -4.13688425e-01
-8.39591378e+00 -4.19793293e-01
-8.38506216e+00 -4.25989999e-01
-8.37421054e+00 -4.32279951e-01
-8.36335892e+00 -4.38664576e-01
-8.35250730e+00 -4.45145328e-01
-8.34165568e+00 -4.51723680e-01
-8.33080406e+00 -4.58401131e-01
-8.31995244e+00 -4.65179199e-01
-8.30910082e+00 -4.72059431e-01
-8.29824920e+00 -4.79043393e-01
-8.28739759e+00 -4.86132679e-01
-8.27654597e+00 -4.93328907e-01
-8.26569435e+00 -5.00633720e-01
-8.25484273e+00 -5.08048785e-01
-8.24399111e+00 -5.15575798e-01
-8.23313949e+00 -5.23216479e-01
-8.22228787e+00 -5.30972577e-01
-8.21143625e+00 -5.38845866e-01
-8.20058463e+00 -5.46838148e-01
-8.18973301e+00 -5.54951256e-01
-8.17888139e+00 -5.63187048e-01
-8.16802977e+00 -5.71547412e-01
-8.15717815e+00 -5.80034267e-01
-8.14632653e+00 -5.88649560e-01
-8.13547492e+00 -5.97395270e-01
-8.12462330e+00 -6.06273406e-01
-8.11377168e+00 -6.15286008e-01
-8.10292006e+00 -6.24435148e-01
-8.09206844e+00 -6.33722932e-01
-8.08121682e+00 -6.43151495e-01
-8.07036520e+00 -6.52723011e-01
-8.05951358e+00 -6.62439682e-01
-8.04866196e+00 -6.72303749e-01
-8.03781034e+00 -6.82317485e-01
-8.02695872e+00 -6.92483200e-01
-8.01610710e+00 -7.02803240e-01
-8.00525548e+00 -7.13279986e-01
-7.99440386e+00 -7.23915859e-01
-7.98355225e+00 -7.34713316e-01
-7.97270063e+00 -7.45674851e-01
-7.96184901e+00 -7.56803000e-01
-7.95099739e+00 -7.68100336e-01
-7.94014577e+00 -7.79569474e-01
-7.92929415e+00 -7.91213068e-01
-7.91844253e+00 -8.03033816e-01
-7.90759091e+00 -8.15034455e-01
-7.89673929e+00 -8.27217767e-01
-7.88588767e+00 -8.39586576e-01
-7.87503605e+00 -8.52143750e-01
-7.86418443e+00 -8.64892204e-01
-7.85333281e+00 -8.77834896e-01
-7.84248120e+00 -8.90974831e-01
-7.83162958e+00 -9.04315060e-01
-7.82077796e+00 -9.17858682e-01
-7.80992634e+00 -9.31608846e-01
-7.79907472e+00 -9.45568748e-01
-7.78822310e+00 -9.59741634e-01
-7.77737148e+00 -9.74130801e-01
-7.76651986e+00 -9.88739597e-01
-7.75566824e+00 -1.00357142e+00
-7.74481662e+00 -1.01862973e+00
-7.73396500e+00 -1.03391803e+00
-7.72311338e+00 -1.04943988e+00
-7.71226176e+00 -1.06519890e+00
-7.70141014e+00 -1.08119876e+00
-7.69055853e+00 -1.09744319e+00
-7.67970691e+00 -1.11393598e+00
-7.66885529e+00 -1.13068098e+00
-7.65800367e+00 -1.14768210e+00
-7.64715205e+00 -1.16494329e+00
-7.63630043e+00 -1.18246859e+00
-7.62544881e+00 -1.20026210e+00
-7.61459719e+00 -1.21832796e+00
-7.60374557e+00 -1.23667039e+00
-7.59289395e+00 -1.25529369e+00
-7.58204233e+00 -1.27420220e+00
-7.57119071e+00 -1.29340033e+00
-7.56033909e+00 -1.31289259e+00
-7.54948748e+00 -1.33268351e+00
-7.53863586e+00 -1.35277773e+00
-7.52778424e+00 -1.37317995e+00
-7.51693262e+00 -1.39389493e+00
-7.50608100e+00 -1.41492753e+00
-7.49522938e+00 -1.43628265e+00
-7.48437776e+00 -1.45796530e+00
-7.47352614e+00 -1.47998054e+00
-7.46267452e+00 -1.50233352e+00
-7.45182290e+00 -1.52502948e+00
-7.44097128e+00 -1.54807372e+00
-7.43011966e+00 -1.57147164e+00
-7.41926804e+00 -1.59522869e+00
-7.40841642e+00 -1.61935046e+00
-7.39756481e+00 -1.64384257e+00
-7.38671319e+00 -1.66871075e+00
-7.37586157e+00 -1.69396083e+00
-7.36500995e+00 -1.71959870e+00
-7.35415833e+00 -1.74563037e+00
-7.34330671e+00 -1.77206192e+00
-7.33245509e+00 -1.79889953e+00
-7.32160347e+00 -1.82614948e+00
-7.31075185e+00 -1.85381813e+00
-7.29990023e+00 -1.88191195e+00
-7.28904861e+00 -1.91043752e+00
-7.27819699e+00 -1.93940148e+00
-7.26734537e+00 -1.96881062e+00
-7.25649375e+00 -1.99867179e+00
-7.24564214e+00 -2.02899198e+00
-7.23479052e+00 -2.05977825e+00
-7.22393890e+00 -2.09103779e+00
-7.21308728e+00 -2.12277791e+00
-7.20223566e+00 -2.15500599e+00
-7.19138404e+00 -2.18772955e+00
-7.18053242e+00 -2.22095623e+00
-7.16968080e+00 -2.25469375e+00
-7.15882918e+00 -2.28894999e+00
-7.14797756e+00 -2.32373291e+00
-7.13712594e+00 -2.35905062e+00
-7.12627432e+00 -2.39491132e+00
-7.11542270e+00 -2.43132335e+00
-7.10457109e+00 -2.46829517e+00
-7.09371947e+00 -2.50583538e+00
-7.08286785e+00 -2.54395269e+00
-7.07201623e+00 -2.58265593e+00
-7.06116461e+00 -2.62195410e+00
-7.05031299e+00 -2.66185628e+00
-7.03946137e+00 -2.70237173e+00
-7.02860975e+00 -2.74350981e+00
-7.01775813e+00 -2.78528005e+00
-7.00690651e+00 -2.82769210e+00
-6.99605489e+00 -2.87075575e+00
-6.98520327e+00 -2.91448094e+00
-6.97435165e+00 -2.95887775e+00
-6.96350003e+00 -3.00395642e+00
-6.95264842e+00 -3.04972731e+00
-6.94179680e+00 -3.09620095e+00
-6.93094518e+00 -3.14338803e+00
-6.92009356e+00 -3.19129938e+00
-6.90924194e+00 -3.23994597e+00
-6.89839032e+00 -3.28933897e+00
-6.88753870e+00 -3.33948967e+00
-6.87668708e+00 -3.39040954e+00
-6.86583546e+00 -3.44211021e+00
-6.85498384e+00 -3.49460347e+00
-6.84413222e+00 -3.54790128e+00
-6.83328060e+00 -3.60201576e+00
-6.82242898e+00 -3.65695923e+00
-6.81157736e+00 -3.71274414e+00
-6.80072575e+00 -3.76938314e+00
-6.78987413e+00 -3.82688906e+00
-6.77902251e+00 -3.88527489e+00
-6.76817089e+00 -3.94455381e+00
-6.75731927e+00 -4.00473918e+00
-6.74646765e+00 -4.06584455e+00
-6.73561603e+00 -4.12788363e+00
-6.72476441e+00 -4.19087035e+00
-6.71391279e+00 -4.25481882e+00
-6.70306117e+00 -4.31974331e+00
-6.69220955e+00 -4.38565834e+00
-6.68135793e+00 -4.45257856e+00
-6.67050631e+00 -4.52051887e+00
-6.65965470e+00 -4.58949433e+00
-6.64880308e+00 -4.65952023e+00
-6.63795146e+00 -4.73061204e+00
-6.62709984e+00 -4.80278542e+00
-6.61624822e+00 -4.87605628e+00
-6.60539660e+00 -4.95044070e+00
-6.59454498e+00 -5.02595497e+00
-6.58369336e+00 -5.10261560e+00
-6.57284174e+00 -5.18043931e+00
-6.56199012e+00 -5.25944303e+00
-6.55113850e+00 -5.33964390e+00
-6.54028688e+00 -5.42105928e+00
-6.52943526e+00 -5.50370674e+00
-6.51858364e+00 -5.58760408e+00
-6.50773203e+00 -5.67276930e+00
-6.49688041e+00 -5.75922065e+00
-6.48602879e+00 -5.84697658e+00
-6.47517717e+00 -5.93605575e+00
-6.46432555e+00 -6.02647708e+00
-6.45347393e+00 -6.11825969e+00
-6.44262231e+00 -6.21142293e+00
-6.43177069e+00 -6.30598637e+00
-6.42091907e+00 -6.40196983e+00
-6.41006745e+00 -6.49939333e+00
-6.39921583e+00 -6.59827715e+00
-6.38836421e+00 -6.69864176e+00
-6.37751259e+00 -6.80050789e+00
-6.36666098e+00 -6.90389650e+00
-6.35580936e+00 -7.00882876e+00
-6.34495774e+00 -7.11532609e+00
-6.33410612e+00 -7.22341013e+00
-6.32325450e+00 -7.33310275e+00
-6.31240288e+00 -7.44442607e+00
-6.30155126e+00 -7.55740241e+00
-6.29069964e+00 -7.67205433e+00
-6.27984802e+00 -7.78840464e+00
-6.26899640e+00 -7.90647636e+00
-6.25814478e+00 -8.02629274e+00
-6.24729316e+00 -8.14787725e+00
-6.23644154e+00 -8.27125361e+00
-6.22558992e+00 -8.39644574e+00
-6.21473831e+00 -8.52347779e+00
-6.20388669e+00 -8.65237414e+00
-6.19303507e+00 -8.78315939e+00
-6.18218345e+00 -8.91585835e+00
-6.17133183e+00 -9.05049605e+00
-6.16048021e+00 -9.18709774e+00
-6.14962859e+00 -9.32568887e+00
-6.13877697e+00 -9.46629512e+00
-6.12792535e+00 -9.60894235e+00
-6.11707373e+00 -9.75365665e+00
-6.10622211e+00 -9.90046429e+00
-6.09537049e+00 -1.00493917e+01
-6.08451887e+00 -1.02004657e+01
-6.07366725e+00 -1.03537130e+01
-6.06281564e+00 -1.05091607e+01
-6.05196402e+00 -1.06668360e+01
-6.04111240e+00 -1.08267663e+01
-6.03026078e+00 -1.09889792e+01
-6.01940916e+00 -1.11535025e+01
-6.00855754e+00 -1.13203640e+01
-5.99770592e+00 -1.14895919e+01
-5.98685430e+00 -1.16612142e+01
-5.97600268e+00 -1.18352594e+01
-5.96515106e+00 -1.20117560e+01
-5.95429944e+00 -1.21907326e+01
-5.94344782e+00 -1.23722179e+01
-5.93259620e+00 -1.25562408e+01
-5.92174459e+00 -1.27428303e+01
-5.91089297e+00 -1.29320155e+01
-5.90004135e+00 -1.31238255e+01
-5.88918973e+00 -1.33182896e+01
-5.87833811e+00 -1.35154371e+01
-5.86748649e+00 -1.37152975e+01
-5.85663487e+00 -1.39179001e+01
-5.84578325e+00 -1.41232744e+01
-5.83493163e+00 -1.43314501e+01
-5.82408001e+00 -1.45424567e+01
-5.81322839e+00 -1.47563238e+01
-5.80237677e+00 -1.49730809e+01
-5.79152515e+00 -1.51927577e+01
-5.78067353e+00 -1.54153836e+01
-5.76982192e+00 -1.56409884e+01
-5.75897030e+00 -1.58696013e+01
-5.74811868e+00 -1.61012519e+01
-5.73726706e+00 -1.63359695e+01
-5.72641544e+00 -1.65737835e+01
-5.71556382e+00 -1.68147229e+01
-5.70471220e+00 -1.70588169e+01
-5.69386058e+00 -1.73060945e+01
-5.68300896e+00 -1.75565843e+01
-5.67215734e+00 -1.78103151e+01
-5.66130572e+00 -1.80673154e+01
-5.65045410e+00 -1.83276134e+01
-5.63960248e+00 -1.85912372e+01
-5.62875087e+00 -1.88582147e+01
-5.61789925e+00 -1.91285735e+01
-5.60704763e+00 -1.94023410e+01
-5.59619601e+00 -1.96795443e+01
-5.58534439e+00 -1.99602101e+01
-5.57449277e+00 -2.02443650e+01
-5.56364115e+00 -2.05320352e+01
-5.55278953e+00 -2.08232464e+01
-5.54193791e+00 -2.11180241e+01
-5.53108629e+00 -2.14163934e+01
-5.52023467e+00 -2.17183789e+01
-5.50938305e+00 -2.20240049e+01
-5.49853143e+00 -2.23332952e+01
-5.48767981e+00 -2.26462731e+01
-5.47682820e+00 -2.29629615e+01
-5.46597658e+00 -2.32833827e+01
-5.45512496e+00 -2.36075585e+01
-5.44427334e+00 -2.39355102e+01
-5.43342172e+00 -2.42672585e+01
-5.42257010e+00 -2.46028235e+01
-5.41171848e+00 -2.49422247e+01
-5.40086686e+00 -2.52854810e+01
-5.39001524e+00 -2.56326106e+01
-5.37916362e+00 -2.59836311e+01
-5.36831200e+00 -2.63385593e+01
-5.35746038e+00 -2.66974114e+01
-5.34660876e+00 -2.70602028e+01
-5.33575714e+00 -2.74269481e+01
-5.32490553e+00 -2.77976613e+01
-5.31405391e+00 -2.81723553e+01
-5.30320229e+00 -2.85510426e+01
-5.29235067e+00 -2.89337344e+01
-5.28149905e+00 -2.93204415e+01
-5.27064743e+00 -2.97111734e+01
-5.25979581e+00 -3.01059390e+01
-5.24894419e+00 -3.05047462e+01
-5.23809257e+00 -3.09076019e+01
-5.22724095e+00 -3.13145122e+01
-5.21638933e+00 -3.17254820e+01
-5.20553771e+00 -3.21405155e+01
-5.19468609e+00 -3.25596156e+01
-5.18383448e+00 -3.29827844e+01
-5.17298286e+00 -3.34100229e+01
-5.16213124e+00 -3.38413310e+01
-5.15127962e+00 -3.42767076e+01
-5.14042800e+00 -3.47161505e+01
-5.12957638e+00 -3.51596564e+01
-5.11872476e+00 -3.56072209e+01
-5.10787314e+00 -3.60588384e+01
-5.09702152e+00 -3.65145023e+01
-5.08616990e+00 -3.69742049e+01
-5.07531828e+00 -3.74379370e+01
-5.06446666e+00 -3.79056888e+01
-5.05361504e+00 -3.83774488e+01
-5.04276342e+00 -3.88532046e+01
-5.03191181e+00 -3.93329425e+01
-5.02106019e+00 -3.98166478e+01
-5.01020857e+00 -4.03043044e+01
-4.99935695e+00 -4.07958951e+01
-4.98850533e+00 -4.12914014e+01
-4.97765371e+00 -4.17908037e+01
-4.96680209e+00 -4.22940811e+01
-4.95595047e+00 -4.28012116e+01
-4.94509885e+00 -4.33121719e+01
-4.93424723e+00 -4.38269375e+01
-4.92339561e+00 -4.43454828e+01
-4.91254399e+00 -4.48677807e+01
-4.90169237e+00 -4.53938033e+01
-4.89084076e+00 -4.59235212e+01
-4.87998914e+00 -4.64569039e+01
-4.86913752e+00 -4.69939198e+01
-4.85828590e+00 -4.75345359e+01
-4.84743428e+00 -4.80787183e+01
-4.83658266e+00 -4.86264316e+01
-4.82573104e+00 -4.91776396e+01
-4.81487942e+00 -4.97323046e+01
-4.80402780e+00 -5.02903882e+01
-4.79317618e+00 -5.08518504e+01
-4.78232456e+00 -5.14166504e+01
-4.77147294e+00 -5.19847461e+01
-4.76062132e+00 -5.25560945e+01
-4.74976970e+00 -5.31306514e+01
-4.73891809e+00 -5.37083715e+01
-4.72806647e+00 -5.42892085e+01
-4.71721485e+00 -5.48731153e+01
-4.70636323e+00 -5.54600433e+01
-4.69551161e+00 -5.60499432e+01
-4.68465999e+00 -5.66427648e+01
-4.67380837e+00 -5.72384566e+01
-4.66295675e+00 -5.78369666e+01
-4.65210513e+00 -5.84382414e+01
-4.64125351e+00 -5.90422269e+01
-4.63040189e+00 -5.96488681e+01
-4.61955027e+00 -6.02581092e+01
-4.60869865e+00 -6.08698934e+01
-4.59784703e+00 -6.14841630e+01
-4.58699542e+00 -6.21008595e+01
-4.57614380e+00 -6.27199238e+01
-4.56529218e+00 -6.33412957e+01
-4.55444056e+00 -6.39649144e+01
-4.54358894e+00 -6.45907184e+01
-4.53273732e+00 -6.52186451e+01
-4.52188570e+00 -6.58486316e+01
-4.51103408e+00 -6.64806141e+01
-4.50018246e+00 -6.71145280e+01
-4.48933084e+00 -6.77503082e+01
-4.47847922e+00 -6.83878888e+01
-4.46762760e+00 -6.90272033e+01
-4.45677598e+00 -6.96681847e+01
-4.44592437e+00 -7.03107650e+01
-4.43507275e+00 -7.09548761e+01
-4.42422113e+00 -7.16004489e+01
-4.41336951e+00 -7.22474138e+01
-4.40251789e+00 -7.28957008e+01
-4.39166627e+00 -7.35452392e+01
-4.38081465e+00 -7.41959578e+01
-4.36996303e+00 -7.48477847e+01
-4.35911141e+00 -7.55006478e+01
-4.34825979e+00 -7.61544741e+01
-4.33740817e+00 -7.68091904e+01
-4.32655655e+00 -7.74647229e+01
-4.31570493e+00 -7.81209971e+01
-4.30485331e+00 -7.87779385e+01
-4.29400170e+00 -7.94354715e+01
-4.28315008e+00 -8.00935206e+01
-4.27229846e+00 -8.07520093e+01
-4.26144684e+00 -8.14108612e+01
-4.25059522e+00 -8.20699989e+01
-4.23974360e+00 -8.27293448e+01
-4.22889198e+00 -8.33888210e+01
-4.21804036e+00 -8.40483488e+01
-4.20718874e+00 -8.47078492e+01
-4.19633712e+00 -8.53672430e+01
-4.18548550e+00 -8.60264501e+01
-4.17463388e+00 -8.66853903e+01
-4.16378226e+00 -8.73439827e+01
-4.15293065e+00 -8.80021463e+01
-4.14207903e+00 -8.86597993e+01
-4.13122741e+00 -8.93168596e+01
-4.12037579e+00 -8.99732448e+01
-4.10952417e+00 -9.06288718e+01
-4.09867255e+00 -9.12836571e+01
-4.08782093e+00 -9.19375170e+01
-4.07696931e+00 -9.25903671e+01
-4.06611769e+00 -9.32421226e+01
-4.05526607e+00 -9.38926984e+01
-4.04441445e+00 -9.45420087e+01
-4.03356283e+00 -9.51899676e+01
-4.02271121e+00 -9.58364884e+01
-4.01185959e+00 -9.64814841e+01
-4.00100798e+00 -9.71248674e+01
-3.99015636e+00 -9.77665504e+01
-3.97930474e+00 -9.84064447e+01
-3.96845312e+00 -9.90444617e+01
-3.95760150e+00 -9.96805122e+01
-3.94674988e+00 -1.00314507e+02
-3.93589826e+00 -1.00946355e+02
-3.92504664e+00 -1.01575966e+02
-3.91419502e+00 -1.02203251e+02
-3.90334340e+00 -1.02828116e+02
-3.89249178e+00 -1.03450471e+02
-3.88164016e+00 -1.04070224e+02
-3.87078854e+00 -1.04687283e+02
-3.85993692e+00 -1.05301553e+02
-3.84908531e+00 -1.05912943e+02
-3.83823369e+00 -1.06521359e+02
-3.82738207e+00 -1.07126707e+02
-3.81653045e+00 -1.07728893e+02
-3.80567883e+00 -1.08327823e+02
-3.79482721e+00 -1.08923402e+02
-3.78397559e+00 -1.09515534e+02
-3.77312397e+00 -1.10104126e+02
-3.76227235e+00 -1.10689081e+02
-3.75142073e+00 -1.11270304e+02
-3.74056911e+00 -1.11847700e+02
-3.72971749e+00 -1.12421172e+02
-3.71886587e+00 -1.12990624e+02
-3.70801426e+00 -1.13555961e+02
-3.69716264e+00 -1.14117086e+02
-3.68631102e+00 -1.14673904e+02
-3.67545940e+00 -1.15226318e+02
-3.66460778e+00 -1.15774232e+02
-3.65375616e+00 -1.16317551e+02
-3.64290454e+00 -1.16856179e+02
-3.63205292e+00 -1.17390020e+02
-3.62120130e+00 -1.17918978e+02
-3.61034968e+00 -1.18442960e+02
-3.59949806e+00 -1.18961869e+02
-3.58864644e+00 -1.19475613e+02
-3.57779482e+00 -1.19984095e+02
-3.56694320e+00 -1.20487225e+02
-3.55609159e+00 -1.20984907e+02
-3.54523997e+00 -1.21477050e+02
-3.53438835e+00 -1.21963562e+02
-3.52353673e+00 -1.22444352e+02
-3.51268511e+00 -1.22919329e+02
-3.50183349e+00 -1.23388404e+02
-3.49098187e+00 -1.23851488e+02
-3.48013025e+00 -1.24308494e+02
-3.46927863e+00 -1.24759334e+02
-3.45842701e+00 -1.25203923e+02
-3.44757539e+00 -1.25642176e+02
-3.43672377e+00 -1.26074009e+02
